37914	37914	5632
222996	222996	536
8474	8474	7413
6497	6497	25917
435054	435054	8557
66687	66687	359
2194532	2194532	538
162213	162213	10865
1864	1864	307421
1266513	1266513	19904
36994	36994	6027
6176	6176	26061
20859	20859	4094
36995	36995	2692
6280	6280	8196
418408	418408	274
48199	48199	5439
292085	292085	1275
26676	26676	4101
9699	9699	5348
139538	139538	687
207350	207350	7972
787232	787232	8558
277579	277579	348241
13769	13769	4728
255329	255329	1272
162238	162238	12733
2003441	2003441	1448
1173	1173	115995
5703	5703	7558
21800	21800	2503
1269	1269	55629
11012	11012	379
5063	5063	11694
6699	6699	6575
5554	5554	1067
1463	1463	194752
1464	1464	15752
162293	162293	24784
3235663	3235663	4
8049	8049	6494
15656	15656	155714
6846	6846	26959
427415	427415	11895
162323	162323	15836
528320	528320	547
906439	906439	4042
16957	16957	700
45800	45800	477
9021	9021	38987
6109	6109	10876
8904	8904	3892
139684	139684	19
1760	1760	110389
10136	10136	1466
162352	162352	1656
57725	57725	1578
20237	20237	5987
397482	397482	5820
18641	18641	21105
162370	162370	2105
393116	393116	2640
207453	207453	1065
4293	4293	11270
10486	10486	6491
626805	626805	51
139705	139705	1676
1503508	1503508	112
1497	1497	79634
162407	162407	145302
8086	8086	8022
111935	111935	331
2905344	2905344	151
2347125	2347125	274
2835605	2835605	109
10020	10020	1242
32350	32350	5205
10021	10021	9771
16264	16264	4367
20245	20245	1941
139059	139059	245
32346	32346	1918
157337	157337	34278
6536	6536	15832
1258	1258	84802
162469	162469	6537
4910	4910	26444
2815	2815	64624
6317	6317	269
3899	3899	37252
14809	14809	1275
320536	320536	7401
162522	162522	12378
209865	209865	3558
51037	51037	11413
3894	3894	39178
1052	1052	382727
1052	1052	382727
157238	157238	105114
1052	1052	382727
29057	29057	1312
36948	36948	1564
162574	162574	25442
8533	8533	11663
5626	5626	94300
54167	54167	5098
965848	965848	181
1094916	1094916	476
139880	139880	511
2843126	2843126	65
86503	86503	1580
6036	6036	587
13768	13768	3620
718707	718707	575
57788	57788	848
23504	23504	1549
1304385	1304385	50450
1612	1612	345469
5410	5410	46143
5410	5410	46143
14542	14542	12279
10544	10544	3909
15602	15602	3523
45845	45845	2383
430031	430031	205
10845	10845	1571
14303	14303	11803
605714	605714	1462
45835	45835	1591
162246	162246	6226
6107	6107	1284
1033	1033	1532420
34408	34408	3155
1683	1683	16838
10427	10427	6656
7110	7110	8226
57668	57668	2966
372610	372610	1447
30583	30583	2987
9700	9700	7583
9119	9119	262
9120	9120	437
7984	7984	20668
7534	7534	49806
162270	162270	10499
3217	3217	266
1040010	1040010	1739
4048	4048	43380
292250	292250	443
292250	292250	443
26746	26746	3439
7172	7172	6540
162276	162276	519
1072191	1072191	7517
2739	2739	16900
1929	1929	268523
162287	162287	15746
1480	1480	310572
162295	162295	2662
9185	9185	15322
480085	480085	2346
10545	10545	4955
225826	225826	368
162301	162301	5713
162304	162304	6139
4859	4859	4558
162322	162322	4475
162320	162320	3672
8296	8296	7542
14191	14191	17141
2889	2889	94193
2807	2807	59344
2073296	2073296	600
33330	33330	78
5321	5321	7833
3997	3997	45691
2056959	2056959	427
11235	11235	148
34420	34420	3145
3225	3225	8684
1526	1526	65615
6662	6662	5253
6142	6142	5681
23501	23501	10809
280350	280350	1937
9922	9922	5067
6752	6752	7376
15306	15306	1859
50996	50996	2125
3818	3818	39306
3821	3821	11113
43690	43690	5274
4156	4156	38543
3211	3211	162318
9070	9070	11639
110833	110833	429
8099	8099	2459
3925	3925	43404
4102	4102	6412
4103	4103	210132
61882	61882	2163
776011	776011	454
3221	3221	3254
3222	3222	88818
5093	5093	6879
2286162	2286162	652
2161	2161	417
162359	162359	19753
23804	23804	1846
48234	48234	142
2649056	2649056	821
13310	13310	5013
162361	162361	9174
2911	2911	10981
1058	1058	281614
3047	3047	74220
3048	3048	4409
5275	5275	88725
98040	98040	7269
162368	162368	4455
98047	98047	528
98047	98047	528
53976	53976	1229
16750	16750	24333
5050	5050	32170
162371	162371	2338
6867	6867	6492
7787	7787	10016
779410	779410	131
12323	12323	787
53959	53959	1647
34511	34511	4502
8802	8802	3071
4832	4832	86492
110293	110293	866
3817	3817	13212
34505	34505	2890
33306	33306	599
162380	162380	5966
4659	4659	1422
2339	2339	2596
9310	9310	2133
1614899	1614899	522
602075	602075	564
11913	11913	2227
7094	7094	37873
1835	1835	89459
1838	1838	11643
20327	20327	2513
12998	12998	10753
2825	2825	3966
207453	207453	1065
48171	48171	2153
34491	34491	1291
34491	34491	1291
79175	79175	4300
6820	6820	1119
57730	57730	30
38405	38405	2660
21125	21125	4831
2443	2443	65452
8323	8323	8456
38410	38410	1455
3864	3864	19399
35645	35645	7380
6414	6414	10549
162399	162399	13731
162399	162399	13731
45779	45779	94
4229	4229	333
162449	162449	1484
25299	25299	2311
1586	1586	810119
1868767	1868767	734
1868767	1868767	734
34433	34433	1311
369839	369839	19
34434	34434	2186
6315	6315	10852
6313	6313	13390
1539	1539	83485
29779	29779	11758
29779	29779	11758
10226	10226	2808
9643	9643	11563
15138	15138	1725
15139	15139	3249
37030	37030	3054
54064	54064	1579
2640	2640	113275
1338384	1338384	605
1366317	1366317	4853
26203	26203	4107
162415	162415	6357
45768	45768	620
50910	50910	3135
4960	4960	37614
162419	162419	18478
1277	1277	255969
1280	1280	954
4647	4647	18510
1243143	1243143	176
162422	162422	9244
45888	45888	794
247077	247077	5445
16022	16022	1165
1379355	1379355	1934
26206	26206	4976
97884	97884	1365
19400	19400	1424
422101	422101	1114
422101	422101	1114
30814	30814	36
1849992	1849992	391
15218	15218	78
8100	8100	17817
22230	22230	2576
1938430	1938430	27
9226	9226	5633
222879	222879	2482
467034	467034	7353
46001	46001	531
9186	9186	9746
3032	3032	48691
2269717	2269717	98
79769	79769	646
162433	162433	13955
1798765	1798765	1376
17256	17256	3763
26780	26780	2186
24901	24901	636
2068	2068	125934
29114	29114	1469
7135	7135	6361
137969	137969	4100
48342	48342	1541
162444	162444	3190
703748	703748	1060
940700	940700	316
730919	730919	456
2878127	2878127	319
111755	111755	598
305763	305763	573
2930	2930	2113
88289	88289	368
162395	162395	45074
5844	5844	59332
3450	3450	29417
10317	10317	2009
20331	20331	321
4953	4953	4584
7893	7893	150859
7894	7894	3503
62258	62258	3729
15560	15560	81806
4510	4510	45974
255188	255188	45755
40195	40195	583
5079	5079	22310
2089402	2089402	238
67128	67128	9335
11044	11044	275
45970	45970	2585
2615	2615	15889
8281	8281	37762
2041	2041	60352
323542	323542	7480
1729	1729	104241
2043	2043	28417
420506	420506	50491
4787	4787	14973
751355	751355	759
2107983	2107983	707
48414	48414	10317
3051	3051	30128
1278625	1278625	260
162479	162479	1704352
1356007	1356007	255
6753	6753	20211
162480	162480	2189
34333	34333	919
15868	15868	6579
2018	2018	47910
162405	162405	9656
1076811	1076811	956
349297	349297	5695
10532	10532	2146
162486	162486	10840
21828	21828	3240
1018680	1018680	605
73102	73102	2892
7693	7693	8396
14236	14236	5258
54472	54472	2119
1350474	1350474	2329
14697	14697	620
16266	16266	2141
2816	2816	7974
16727	16727	2349
7788	7788	3149
2595043	2595043	1475
808773	808773	311
11874	11874	6535
3727	3727	105234
16145	16145	1900
40137	40137	5053
10066	10066	4654
5553	5553	29564
10067	10067	5898
88650	88650	1304
642181	642181	24
35735	35735	743
24150	24150	7826
162513	162513	1809
3229	3229	49177
13677	13677	15727
162514	162514	9226
3244	3244	6323
231810	231810	7021
112444	112444	1082
5968	5968	13664
3570	3570	26300
162523	162523	557
29088	29088	4777
293742	293742	152
11045	11045	3387
6547	6547	28042
162534	162534	97505
162536	162536	4091
31480	31480	2221
2718842	2718842	5877
138412	138412	19
51045	51045	1885
20241	20241	9251
5469    5469    0

