5466	5466	24760
162547	162547	9558
3393	3393	15360
46000	46000	4567
303464	303464	976
16288	16288	2587
43814	43814	85
30534	30534	1258
290068	290068	1856
13513	13513	704
8667	8667	7043
13000	13000	836
4394	4394	10520
4397	4397	3756
4395	4395	4379
4396	4396	6862
4393	4393	3185
11856	11856	537
993971	993971	377
54324	54324	195
5911	5911	41170
26716	26716	1188
162562	162562	1846
1603	1603	281690
26784	26784	1214
4528	4528	101740
8925	8925	1059
1627733	1627733	296
79923	79923	530
841720	841720	1203
254688	254688	9429
382949	382949	Company not active
24910	24910	715
4804	4804	53108
4691	4691	20618
15870	15870	4825
1004596	1004596	470
62313	62313	10252
162581	162581	3354
884706	884706	1863
1137783	1137783	831
34633	34633	1200
440300	440300	1489
7990	7990	12610
4999	4999	15067
7412	7412	22943
1879	1879	78793
162591	162591	2193
162592	162592	10169
1984836	1984836	167
14164	14164	7118
10995	10995	212
1494	1494	145619
9857	9857	28928
400554	400554	942
24148	24148	3065
1195989	1195989	Company not active
3321	3321	40223
2444775	2444775	4435
3249	3249	27031
14989	14989	2112
1963148	1963148	982
2572	2572	14913
2569	2569	7176
19860	19860	1049
10200	10200	2785
2571	2571	19973
2614	2614	144827
8194	8194	1899
2698	2698	1939
140073	140073	53
61953	61953	1112
2150821	2150821	14
61953	61953	1112
2150821	2150821	14
11151	11151	34936
1882	1882	137277
2633	2633	227580
19472	19472	9934
4672	4672	50158
4672	4672	50158
2539332	2539332	800
269755	269755	18634
8989	8989	44980
3102	3102	66601
2859	2859	19500
1785	1785	3774
4509	4509	122770
422805	422805	1112
43854	43854	2039
98785	98785	7022
859531	859531	1586
1597	1597	61768
164126	164126	21493
2387	2387	214987
162749	162749	30483
162750	162750	77972
88345	88345	12167
1389	1389	729217
26241	26241	3516
10580	10580	10716
28990	28990	717
4989	4989	2673
162616	162616	67554
46076	46076	1611
2114	2114	166471
162618	162618	21468
88493	88493	1647
4334	4334	352276
250671	250671	1330
31406	31406	11193
54387	54387	900
5724	5724	6665
5725	5725	10642
29001	29001	1066
8784	8784	16139
7674	7674	4597
5115	5115	2559
213164	213164	1834
305893	305893	6859
20638	20638	2518
435282	435282	631
162632	162632	1817
10069	10069	8783
46036	46036	1055
1123	1123	485026
11831	11831	3728
8256	8256	2264
38581	38581	1140
157326	157326	15396
4341	4341	1647
41990	41990	685
162640	162640	1344
25790	25790	2466
1421	1421	145493
4478	4478	22183
4417	4417	25615
28332	28332	4234
4417	4417	25615
28332	28332	4234
26733	26733	1608
16642	16642	3286
12999	12999	1587
15405	15405	29231
11876	11876	141610
7571	7571	959
227883	227883	3089
88737	88737	1205
16733	16733	15737
14765	14765	3630
2252	2252	25058
2252	2252	25058
5185	5185	41500
2371	2371	159753
20411	20411	1920
1893	1893	260947
1895	1895	62686
6250	6250	15346
11444	11444	1865
21811	21811	13381
66840	66840	4850
13154	13154	19360
1349	1349	38421
426051	426051	2485
162675	162675	5604
15591	15591	3133
3304	3304	208828
162677	162677	33536
7174	7174	23849
7174	7174	23849
484538	484538	2254
137982	137982	161
9034	9034	8557
9499	9499	26892
162683	162683	21677
1531	1531	69845
3337	3337	35563
5747	5747	1731
62261	62261	623
17427	17427	10764
72931	72931	1489
26719	26719	7813
6963	6963	10810
38616	38616	5045
19295	19295	41638
163178	163178	Company not active
13633	13633	5119
9742	9742	319
9645	9645	5350
9645	9645	5350
51185	51185	5992
79904	79904	1233
22831	22831	721
157328	157328	11953
62219	62219	2397
26245	26245	1135
22469	22469	11807
67081	67081	2487
11152	11152	11777
2127	2127	139061
26249	26249	2215
22025	22025	3316
9229	9229	17884
1011021	1011021	4967
6916	6916	734
88551	88551	1927
31407	31407	14364
20009	20009	15634
1613226	1613226	23920
137572	137572	1170
99183	99183	2012
3867	3867	2545
3961	3961	49475
15323	15323	24726
458693	458693	1805
162717	162717	35440
15407	15407	284
21137	21137	311
3891	3891	8864
3892	3892	1920
3891	3891	8864
3892	3892	1920
162723	162723	8322
64934	64934	422
51230	51230	2757
4764	4764	118666
162724	162724	14403
4763	4763	21944
140987	140987	169
1235434	1235434	739
6975	6975	659
141083	141083	532
5329	5329	78543
3418	3418	7573
611198	611198	2286
2494	2494	293135
162731	162731	36151
2617371	2617371	447
162734	162734	13078
51063	51063	1942
18420	18420	2319
4896	4896	9274
8286	8286	27100
10698	10698	2645
221126	221126	525
9055	9055	4758
38552	38552	1723
389088	389088	650
13884	13884	5867
250562	250562	193
9268	9268	1226
27803	27803	5699
35703	35703	7402
3235	3235	169487
1384	1384	332791
1387	1387	Company not active
1386	1386	Company not active
581375	581375	Company not active
1562909	1562909	863
162755	162755	5826
406260	406260	3190
1336553	1336553	533
2723	2723	102232
2725	2725	61601
1955974	1955974	3667
162775	162775	3950
11348	11348	70109
1403	1403	166748
1120167	1120167	4318
5149	5149	3643
7897	7897	6887
7896	7896	8854
31489	31489	3302
2793	2793	2352
165755	165755	116193
6594	6594	27637
4030	4030	53873
18958	18958	5703
12033	12033	14308
8827	8827	3866
25322	25322	2072
72625	72625	251
162765	162765	4593
1637	1637	105451
6001	6001	3554
28405	28405	497
5150	5150	1662
54178	54178	28920
21292	21292	5466
6213	6213	10329
691711	691711	857
13907	13907	1946
1313145	1313145	195
167137	167137	767
19533	19533	388
1032256	1032256	1176
140379	140379	788
244652	244652	5593
162787	162787	30289
14607	14607	459
8567	8567	6546
8567	8567	6546
281590	281590	9559
281590	281590	9559
652307	652307	Company not active
5821	5821	14356
1773	1773	194868
1670681	1670681	1212
791498	791498	3717
43734	43734	Company not active
683293	683293	440
2291	2291	111545
10540	10540	9199
2346552	2346552	1185
3072	3072	77258
11834	11834	14719
9862	9862	3885
384423	384423	41
2543	2543	49463
10958	10958	10149
66884	66884	956
162801	162801	3372
10141	10141	10507
7427	7427	4545
283505	283505	463
7427	7427	4545
283505	283505	463
4701	4701	13353
13961	13961	1714
10111	10111	14764
162804	162804	956
7262	7262	36804
54279	54279	6292
1355786	1355786	686
24893	24893	2702
6195	6195	4513
6194	6194	6697
22225	22225	7062
35681	35681	400
30645	30645	2249
43725	43725	1150
88124	88124	3157
48396	48396	633
876350	876350	603
15735	15735	8407
26709	26709	7330
62113	62113	910
19711	19711	15697
17574	17574	4270
162828	162828	74745
8524	8524	154074
162834	162834	72103
162835	162835	36636
11240	11240	12410
3601	3601	1008
10996	10996	26826
1345828	1345828	2786
1788	1788	14341
25332	25332	5311
550836	550836	1137
11648	11648	8582
6342	6342	3147
162987	162987	33670
1372	1372	137377
3672	3672	43773
140404	140404	1234
29106	29106	6422
268168	268168	43
233024	233024	82412
162921	162921	9232
43831	43831	1347
8805	8805	4498
2319	2319	156136
140497	140497	25604
268213	268213	16155
7246	7246	14089
7844	7844	10024
273796	273796	13307
1122072	1122072	2832
347153	347153	64
20418	20418	4397
15220	15220	6729
3834	3834	10437
789409	789409	Company not active
3837	3837	2440
3334	3334	43478
3198	3198	41942
38510	38510	2148
4402	4402	66451
804709	804709	1442
11357	11357	2320
8434	8434	87551
25334	25334	4264
162985	162985	19776
1415	1415	119498
3739	3739	149069
162993	162993	175964
98561	98561	20401
12687	12687	5841
10769	10769	23624
163039	163039	8393
140581	140581	1831
8453	8453	12054
11259	11259	1629
13223	13223	4289
5499	5499	23583
307460	307460	17808
3246	3246	19949
17510	17510	1083
4622	4622	71792
2046	2046	72355
1002765	1002765	5176
10379	10379	4309
14566	14566	16961
20773	20773	1968
163242	163242	25030
856186	856186	0
34672	34672	4620
1120	1120	284786
5216	5216	12854
42943	42943	2054
1854131	1854131	61
22485	22485	371
6265	6265	22829
6266	6266	2230
6267	6267	7724
163291	163291	2538
136698	136698	1253
417870	417870	1849
113206	113206	561
205784	205784	1635
460359	460359	1778
1169498	1169498	686
4680	4680	98802
1980412	1980412	17467
12890	12890	19280
40404	40404	6416
40404	40404	6416
4294	4294	17965
5970	5970	9485
11374	11374	2372
89466	89466	8376
2157	2157	26464
310865	310865	536
44088	44088	3445
4210	4210	31607
73602	73602	3855
1252981	1252981	479
14938	14938	2684
1871205	1871205	555
857495	857495	1223
14066	14066	3199
15737	15737	5639
44061	44061	583
8073	8073	2662
8495	8495	3631
8217	8217	21168
6392	6392	5871
162866	162866	66941
8169	8169	3157
9125	9125	6641
13418	13418	1831
442602	442602	821
29647	29647	715
16522	16522	766
162872	162872	6664
40356	40356	8604
1628