37914	37914	291
222996	222996	38
8474	8474	606
6497	6497	6,099
435054	435054	593
66687	66687	67
2194532	2194532	1
162213	162213	575
1864	1864	17,646
1266513	1266513	1,008
36994	36994	339
6176	6176	5,235
20859	20859	1,423
36995	36995	700
6280	6280	838
418408	418408	32
48199	48199	277
292085	292085	68
26676	26676	824
9699	9699	1,268
139538	139538	198
207350	207350	2,035
787232	787232	357
277579	277579	5,435
13769	13769	1,915
255329	255329	647
162238	162238	4,759
2003441	2003441	444
1173	1173	1,158
5703	5703	1,169
21800	21800	924
1269	1269	3,772
11012	11012	0
5063	5063	1,859
6699	6699	1,811
5554	5554	72
1463	1463	25,495
1464	1464	3,316
162293	162293	7,730
3235663	3235663	0
8049	8049	1,068
15656	15656	9,708
6846	6846	1,201
427415	427415	1,192
162323	162323	22
528320	528320	112
906439	906439	2
16957	16957	124
45800	45800	29
9021	9021	1,738
6109	6109	58
8904	8904	1,237
139684	139684	3
1760	1760	15,181
10136	10136	313
162352	162352	436
57725	57725	145
20237	20237	1,358
397482	397482	296
18641	18641	1,190
162370	162370	93
393116	393116	318
207453	207453	453
4293	4293	1,120
10486	10486	2,509
626805	626805	17
139705	139705	262
1503508	1503508	56
1497	1497	4,468
162407	162407	3,455
8086	8086	1,346
111935	111935	79
2905344	2905344	7
2347125	2347125	27
2835605	2835605	15
10020	10020	505
32350	32350	476
10021	10021	816
16264	16264	634
20245	20245	198
139059	139059	49
32346	32346	470
157337	157337	2,705
6536	6536	933
1258	1258	3,296
162469	162469	2,033
4910	4910	1,499
2815	2815	17,403
6317	6317	25
3899	3899	122
14809	14809	329
320536	320536	280
162522	162522	2,531
209865	209865	1,129
51037	51037	86
3894	3894	1,311
1052	1052	145,718
1052	1052	145,717
157238	157238	578
1052	1052	145,720
29057	29057	454
36948	36948	311
162574	162574	5,987
8533	8533	401
5626	5626	722
54167	54167	112
965848	965848	25
1094916	1094916	118
139880	139880	209
2843126	2843126	25
86503	86503	243
6036	6036	308
13768	13768	2,212
718707	718707	343
57788	57788	61
23504	23504	322
1304385	1304385	7,870
1612	1612	20,674
5410	5410	7,746
5410	5410	7,748
14542	14542	279
10544	10544	1,498
15602	15602	371
45845	45845	973
430031	430031	44
10845	10845	184
14303	14303	3,546
605714	605714	296
45835	45835	114
162246	162246	805
6107	6107	263
1033	1033	42,843
34408	34408	381
1683	1683	2,373
10427	10427	699
7110	7110	43
57668	57668	59
372610	372610	400
30583	30583	409
9700	9700	511
9119	9119	6
9120	9120	6
7984	7984	1,475
7534	7534	2,329
162270	162270	524
3217	3217	46
1040010	1040010	92
4048	4048	1,272
292250	292250	69
292250	292250	69
26746	26746	392
7172	7172	1,164
162276	162276	312
1072191	1072191	128
2739	2739	4,166
1929	1929	4,779
162287	162287	252
1480	1480	6,293
162295	162295	1,307
9185	9185	6,559
480085	480085	798
10545	10545	553
225826	225826	58
162301	162301	1,122
162304	162304	312
4859	4859	852
162322	162322	505
162320	162320	758
8296	8296	2,349
14191	14191	3,980
2889	2889	11,555
2807	2807	18,615
2073296	2073296	96
33330	33330	40
5321	5321	662
3997	3997	12,296
2056959	2056959	157
11235	11235	74
34420	34420	409
3225	3225	593
1526	1526	6,551
6662	6662	11
6142	6142	859
23501	23501	412
280350	280350	532
9922	9922	285
6752	6752	1,380
15306	15306	69
50996	50996	890
3818	3818	1,561
3821	3821	733
43690	43690	1,703
4156	4156	4,837
3211	3211	577
9070	9070	5,234
110833	110833	85
8099	8099	207
3925	3925	2,139
4102	4102	144
4103	4103	1,138
61882	61882	337
776011	776011	71
3221	3221	120
3222	3222	1,791
5093	5093	1,876
2286162	2286162	203
2161	2161	43
162359	162359	3,630
23804	23804	465
48234	48234	56
2649056	2649056	188
13310	13310	500
162361	162361	1,268
2911	2911	6,382
1058	1058	15,601
3047	3047	6,432
3048	3048	1,344
5275	5275	5,996
98040	98040	27
162368	162368	664
98047	98047	56
98047	98047	56
53976	53976	153
16750	16750	787
5050	5050	453
162371	162371	168
6867	6867	705
7787	7787	862
779410	779410	21
12323	12323	357
53959	53959	487
34511	34511	1,067
8802	8802	217
4832	4832	5,164
110293	110293	202
3817	3817	3,279
34505	34505	261
33306	33306	154
162380	162380	1,731
4659	4659	95
2339	2339	851
9310	9310	891
1614899	1614899	80
602075	602075	46
11913	11913	66
7094	7094	4,940
1835	1835	32,553
1838	1838	8,935
20327	20327	460
12998	12998	513
2825	2825	1,850
207453	207453	453
48171	48171	232
34491	34491	124
34491	34491	124
79175	79175	1,018
6820	6820	166
57730	57730	0
38405	38405	298
21125	21125	974
2443	2443	593
8323	8323	602
38410	38410	8
3864	3864	1,569
35645	35645	135
6414	6414	3,151
162399	162399	1,878
162399	162399	1,878
45779	45779	41
4229	4229	160
162449	162449	682
25299	25299	272
1586	1586	30,473
1868767	1868767	115
1868767	1868767	115
34433	34433	114
369839	369839	0
34434	34434	290
6315	6315	320
6313	6313	927
1539	1539	4,234
29779	29779	4,534
29779	29779	4,534
10226	10226	1,290
9643	9643	3,391
15138	15138	551
15139	15139	1,057
37030	37030	761
54064	54064	264
2640	2640	26,201
1338384	1338384	376
1366317	1366317	78
26203	26203	1,047
162415	162415	1,315
45768	45768	295
50910	50910	107
4960	4960	7,742
162419	162419	5,243
1277	1277	20,629
1280	1280	261
4647	4647	10,958
1243143	1243143	116
162422	162422	3,553
45888	45888	320
247077	247077	2,988
16022	16022	555
1379355	1379355	164
26206	26206	1,580
97884	97884	292
19400	19400	591
422101	422101	295
422101	422101	295
30814	30814	4
1849992	1849992	28
15218	15218	14
8100	8100	1,327
22230	22230	475
1938430	1938430	5
9226	9226	1,957
222879	222879	182
467034	467034	134
46001	46001	220
9186	9186	3,310
3032	3032	11,835
2269717	2269717	17
79769	79769	217
162433	162433	3,772
1798765	1798765	1
17256	17256	1,301
26780	26780	550
24901	24901	213
2068	2068	13,394
29114	29114	128
7135	7135	501
137969	137969	422
48342	48342	213
162444	162444	430
703748	703748	194
940700	940700	4
730919	730919	32
2878127	2878127	0
111755	111755	69
305763	305763	81
2930	2930	194
88289	88289	80
162395	162395	6,065
5844	5844	4,026
3450	3450	2,974
10317	10317	547
20331	20331	77
4953	4953	592
7893	7893	34
7894	7894	2
62258	62258	1
15560	15560	115
4510	4510	4,003
255188	255188	3,009
40195	40195	78
5079	5079	2,477
2089402	2089402	11
67128	67128	178
11044	11044	42
45970	45970	361
2615	2615	6,627
8281	8281	3,250
2041	2041	5,083
323542	323542	620
1729	1729	12,472
2043	2043	3,462
420506	420506	2,033
4787	4787	3,311
751355	751355	13
2107983	2107983	90
48414	48414	464
3051	3051	4,339
1278625	1278625	70
162479	162479	50,138
1356007	1356007	158
6753	6753	755
162480	162480	1,090
34333	34333	113
15868	15868	1,739
2018	2018	6,872
162405	162405	406
1076811	1076811	60
349297	349297	434
10532	10532	648
162486	162486	4,110
21828	21828	324
1018680	1018680	84
73102	73102	367
7693	7693	199
14236	14236	286
54472	54472	555
1350474	1350474	101
14697	14697	88
16266	16266	2
2816	2816	2,728
16727	16727	608
7788	7788	699
2595043	2595043	8
808773	808773	5
11874	11874	3,118
3727	3727	4,010
16145	16145	240
40137	40137	904
10066	10066	826
5553	5553	3,414
10067	10067	668
88650	88650	268
642181	642181	4
35735	35735	145
24150	24150	500
162513	162513	424
3229	3229	408
13677	13677	96
162514	162514	617
3244	3244	348
231810	231810	1,575
112444	112444	172
5968	5968	1,953
3570	3570	4,782
162523	162523	107
29088	29088	816
293742	293742	0
11045	11045	454
6547	6547	4,729
162534	162534	1,096
162536	162536	2,193
31480	31480	525
2718842	2718842	656
138412	138412	2
51045	51045	381
20241	20241	3,942
5469	5469	160
5466	5466	3,391
162547	162547	2,299
3393	3393	1,202
46000	46000	1,192
303464	303464	139
16288	16288	96
43814	43814	10
30534	30534	259
290068	290068	404
13513	13513	33
8667	8667	3,114
13000	13000	113
4394	4394	2,303
4397	4397	1,045
4395	4395	1,314
4396	4396	1,534
4393	4393	1,948
11856	11856	53
993971	993971	101
54324	54324	46
5911	5911	2,696
26716	26716	190
162562	162562	677
1603	1603	9,454
26784	26784	135
4528	4528	1,870
8925	8925	297
1627733	1627733	169
79923	79923	102
841720	841720	245
254688	254688	5
382949	382949	15
24910	24910	145
4804	4804	1,691
4691	4691	1,197
15870	15870	1,688
1004596	1004596	143
62313	62313	570
162581	162581	467
884706	884706	1
1137783	1137783	139
34633	34633	229
440300	440300	0
7990	7990	4,911
4999	4999	2,679
7412	7412	6,698
1879	1879	3,403
162591	162591	599
162592	162592	1,530
1984836	1984836	13
14164	14164	1,194
10995	10995	52
1494	1494	6,971
9857	9857	1,542
400554	400554	119
24148	24148	1,130
1195989	1195989	15
3321	3321	3,351
2444775	2444775	122
3249	3249	886
14989	14989	743
1963148	1963148	0
2572	2572	2,498
2569	2569	1,003
19860	19860	82
10200	10200	239
2571	2571	1,373
2614	2614	23,552
8194	8194	611
2698	2698	5
140073	140073	20
61953	61953	226
2150821	2150821	1
61953	61953	226
2150821	2150821	1
11151	11151	3,165
1882	1882	17,911
2633	2633	9,400
19472	19472	5,219
4672	4672	15,739
4672	4672	15,738
2539332	2539332	212
269755	269755	7,879
8989	8989	2,779
3102	3102	6,868
2859	2859	3,876
1785	1785	772
4509	4509	2,909
422805	422805	339
43854	43854	158
98785	98785	1,693
859531	859531	30
1597	1597	2,930
164126	164126	8,689
2387	2387	2,374
162749	162749	9,479
162750	162750	19,381
88345	88345	25
1389	1389	21,103
26241	26241	287
10580	10580	569
28990	28990	94
4989	4989	1,534
162616	162616	885
46076	46076	359
2114	2114	2,763
162618	162618	649
88493	88493	362
4334	4334	14,587
250671	250671	117
31406	31406	1,500
54387	54387	238
5724	5724	1,655
5725	5725	2,042
29001	29001	9
8784	8784	1,474
7674	7674	1,108
5115	5115	689
213164	213164	310
305893	305893	133
20638	20638	1,298
435282	435282	293
162632	162632	212
10069	10069	4,007
46036	46036	384
1123	1123	116,948
11831	11831	947
8256	8256	738
38581	38581	529
157326	157326	6,803
4341	4341	16
41990	41990	296
162640	162640	699
25790	25790	279
1421	1421	7,472
4478	4478	533
4417	4417	9,146
28332	28332	1,817
4417	4417	9,145
28332	28332	1,816
26733	26733	418
16642	16642	767
12999	12999	277
15405	15405	1,224
11876	11876	1,354
7571	7571	59
227883	227883	627
88737	88737	558
16733	16733	2,932
14765	14765	674
2252	2252	6,792
2252	2252	6,793
5185	5185	2,731
2371	2371	10,993
20411	20411	658
1893	1893	2,586
1895	1895	1,822
6250	6250	4,152
11444	11444	412
21811	21811	777
66840	66840	1,640
13154	13154	994
1349	1349	2,960
426051	426051	412
162675	162675	1,043
15591	15591	138
3304	3304	7,792
162677	162677	4,657
7174	7174	7,339
7174	7174	7,339
484538	484538	396
137982	137982	15
9034	9034	686
9499	9499	6,086
162683	162683	743
1531	1531	340
3337	3337	4,400
5747	5747	190
62261	62261	193
17427	17427	1,987
72931	72931	321
26719	26719	38
6963	6963	1,347
38616	38616	849
19295	19295	730
163178	163178	340
13633	13633	973
9742	9742	120
9645	9645	1,083
9645	9645	1,084
51185	51185	174
79904	79904	259
22831	22831	1
157328	157328	746
62219	62219	445
26245	26245	114
22469	22469	444
67081	67081	119
11152	11152	2,765
2127	2127	33,936
26249	26249	94
22025	22025	1,176
9229	9229	3,964
1011021	1011021	71
6916	6916	106
88551	88551	236
31407	31407	374
20009	20009	3,570
1613226	1613226	2,568
137572	137572	205
99183	99183	740
3867	3867	387
3961	3961	4,123
15323	15323	3,287
458693	458693	40
162717	162717	231
15407	15407	20
21137	21137	37
3891	3891	1,006
3892	3892	152
3891	3891	1,006
3892	3892	152
162723	162723	1,995
64934	64934	54
51230	51230	907
4764	4764	6,687
162724	162724	2,369
4763	4763	1,742
140987	140987	38
1235434	1235434	198
6975	6975	21
141083	141083	38
5329	5329	2,134
3418	3418	2,140
611198	611198	113
2494	2494	8,751
162731	162731	5,015
2617371	2617371	52
162734	162734	735
51063	51063	231
18420	18420	209
4896	4896	3,929
8286	8286	467
10698	10698	219
221126	221126	66
9055	9055	1,055
38552	38552	114
389088	389088	188
13884	13884	1,577
250562	250562	56
9268	9268	63
27803	27803	2,899
35703	35703	436
3235	3235	8,615
1384	1384	81,927
1387	1387	28
1386	1386	4
581375	581375	0
1562909	1562909	5
162755	162755	1,336
406260	406260	580
1336553	1336553	2
2723	2723	1,583
2725	2725	1,220
1955974	1955974	1
162775	162775	1,582
11348	11348	600
1403	1403	22,799
1120167	1120167	542
5149	5149	868
7897	7897	893
7896	7896	1,048
31489	31489	958
2793	2793	274
165755	165755	4,715
6594	6594	983
4030	4030	3,721
18958	18958	354
12033	12033	761
8827	8827	1,193
25322	25322	530
72625	72625	49
162765	162765	521
1637	1637	12,541
6001	6001	761
28405	28405	1
5150	5150	469
54178	54178	1,077
21292	21292	1,331
6213	6213	1,257
691711	691711	77
13907	13907	341
1313145	1313145	12
167137	167137	27
19533	19533	118
1032256	1032256	1
140379	140379	230
244652	244652	939
162787	162787	4,059
14607	14607	24
8567	8567	1,652
8567	8567	1,652
281590	281590	2,120
281590	281590	2,120
652307	652307	119
5821	5821	2,096
1773	1773	13,389
1670681	1670681	79
791498	791498	293
43734	43734	138
683293	683293	21
2291	2291	58
10540	10540	11
2346552	2346552	327
3072	3072	6,883
11834	11834	2,610
9862	9862	1,031
384423	384423	3
2543	2543	3,065
10958	10958	552
66884	66884	214
162801	162801	910
10141	10141	1,768
7427	7427	1,773
283505	283505	89
7427	7427	1,772
283505	283505	89
4701	4701	2,845
13961	13961	462
10111	10111	1,583
162804	162804	433
7262	7262	1,432
54279	54279	134
1355786	1355786	7
24893	24893	179
6195	6195	323
6194	6194	1,283
22225	22225	211
35681	35681	96
30645	30645	906
43725	43725	170
88124	88124	680
48396	48396	222
876350	876350	89
15735	15735	435
26709	26709	283
62113	62113	19
19711	19711	1,218
17574	17574	894
162828	162828	1,241
8524	8524	1,136
162834	162834	1,195
162835	162835	8,541
11240	11240	4,442
3601	3601	38
10996	10996	518
1345828	1345828	11
1788	1788	846
25332	25332	245
550836	550836	190
11648	11648	2,692
6342	6342	331
162987	162987	6,389
1372	1372	6,098
3672	3672	9,247
140404	140404	203
29106	29106	2,204
268168	268168	5
233024	233024	7,534
162921	162921	1,302
43831	43831	481
8805	8805	666
2319	2319	18,250
140497	140497	4,575
268213	268213	1,538
7246	7246	2,153
7844	7844	1,039
273796	273796	3,321
1122072	1122072	650
347153	347153	6
20418	20418	323
15220	15220	2
3834	3834	968
789409	789409	224
3837	3837	82
3334	3334	7,444
3198	3198	2,329
38510	38510	800
4402	4402	2,391
804709	804709	125
11357	11357	111
8434	8434	4,001
25334	25334	707
162985	162985	935
1415	1415	5,784
3739	3739	11,388
162993	162993	1,780
98561	98561	151
12687	12687	563
10769	10769	5,761
163039	163039	575
140581	140581	216
8453	8453	2,407
11259	11259	525
13223	13223	64
5499	5499	1,999
307460	307460	1,156
3246	3246	4,565
17510	17510	452
4622	4622	3,575
2046	2046	3,787
1002765	1002765	158
10379	10379	1,410
14566	14566	15
20773	20773	585
163242	163242	2,973
856186	856186	0
34672	34672	847
1120	1120	26,254
5216	5216	1,789
42943	42943	5
1854131	1854131	20
22485	22485	209
6265	6265	6,191
6266	6266	756
6267	6267	513
163291	163291	709
136698	136698	36
417870	417870	348
113206	113206	90
205784	205784	107
460359	460359	231
1169498	1169498	76
4680	4680	34,398
1980412	1980412	14,594
12890	12890	3,873
40404	40404	4
40404	40404	4
4294	4294	6,075
5970	5970	983
11374	11374	389
89466	89466	305
2157	2157	2,346
310865	310865	6
44088	44088	177
4210	4210	8,338
73602	73602	397
1252981	1252981	172
14938	14938	399
1871205	1871205	96
857495	857495	306
14066	14066	1,127
15737	15737	1,840
44061	44061	354
8073	8073	178
8495	8495	598
8217	8217	905
6392	6392	1,678
162866	162866	1,265
8169	8169	110
9125	9125	302
13418	13418	151
442602	442602	15
29647	29647	219
16522	16522	22
162872	162872	812
40356	40356	102
162873	162873	6,095
348084	348084	96
4513	4513	2,664
44046	44046	246
58452	58452	350
2263956	2263956	50
62822	62822	184
162882	162882	703
2034118	2034118	141
32145	32145	144
34208	34208	60
891445	891445	0
1387385	1387385	27
1829021	1829021	94
5610	5610	240
1866287	1866287	288
5609	5609	2,419
157240	157240	7,322
1419	1419	25,444
1285968	1285968	21
162901	162901	5,067
2481146	2481146	4
2162	2162	13,864
62441	62441	11
329587	329587	419
19154	19154	503
37110	37110	372
912065	912065	25
381767	381767	5,121
4963	4963	2,415
4162	4162	2,452
2218563	2218563	33
2678	2678	11,296
17435	17435	1,419
6555	6555	631
2483506	2483506	145
137226	137226	231
1788903	1788903	88
112630	112630	190
332596	332596	432
137227	137227	259
407031	407031	321
4091	4091	21
38670	38670	11
41929	41929	728
6977	6977	538
6976	6976	2,558
12633	12633	520
23552	23552	961
23425	23425	36
48627	48627	311
2429	2429	2,559
645277	645277	787
80506	80506	230
162906	162906	140
8287	8287	167
14242	14242	2,278
5001	5001	466
14317	14317	302
1374310	1374310	856
18423	18423	1,060
48609	48609	14
807720	807720	3,089
28363	28363	431
162912	162912	2,159
6133	6133	1,030
23624	23624	1,846
9503	9503	40
2622	2622	18,513
162911	162911	1,728
25250	25250	440
13073	13073	2,243
18400	18400	476
18961	18961	1,131
17436	17436	184
162918	162918	108
54641	54641	188
18146	18146	426
33130	33130	139
162921	162921	1,302
73533	73533	103
1520655	1520655	15
136612	136612	59
162947	162947	1,782
3392	3392	788
8348	8348	3,491
80650	80650	40
2126	2126	454
9703	9703	3,208
1112893	1112893	57
162961	162961	3,417
73704	73704	117
4878	4878	463
162965	162965	1,085
37278	37278	292
24834	24834	354
100255	100255	84
73660	73660	220
20776	20776	250
24389	24389	128
4955	4955	17,652
1434913	1434913	1,510
6482	6482	655
10156	10156	1,633
14849	14849	616
3169	3169	2,866
2812	2812	10,487
2986	2986	1,355
795698	795698	16
3338	3338	2,666
1610133	1610133	237
100302	100302	1,126
19719	19719	835
152327	152327	7
6816	6816	538
8306	8306	1,696
1855	1855	9,862
1321497	1321497	195
15076	15076	2,114
202803	202803	103
943361	943361	1,669
9145	9145	751
4561	4561	7,718
163000	163000	1,424
7656	7656	52
442494	442494	3,264
141042	141042	28
5387	5387	1,931
80225	80225	498
3090	3090	881
271541	271541	437
67373	67373	56
163006	163006	232
99413	99413	86
7719	7719	774
483031	483031	7
163007	163007	1,054
46103	46103	0
163009	163009	3,858
2192	2192	23,985
9993	9993	2,127
5501	5501	240
5976	5976	1,493
10768	10768	8,851
163019	163019	4,219
5820	5820	6,501
1541984	1541984	0
163025	163025	3,965
15648	15648	874
22261	22261	76
163032	163032	934
23727	23727	889
1616	1616	19,643
3809	3809	5,355
1436454	1436454	292
8105	8105	1,512
421059	421059	658
157295	157295	2,803
3960	3960	1,879
2490	2490	14,442
2489	2489	3,013
24761	24761	1,994
37172	37172	571
296080	296080	53
296080	296080	53
163048	163048	1,689
10378	10378	2,047
20013	20013	1,719
5045	5045	8,711
864657	864657	38
598034	598034	56
1313410	1313410	123
1311496	1311496	117
784061	784061	49
3224	3224	1,414
5617	5617	666
1063	1063	41,443
11448	11448	64,831
136579	136579	650
163062	163062	8,724
219308	219308	510
24386	24386	494
2641	2641	5,062
163069	163069	2,607
21307	21307	1,254
163092	163092	177
37269	37269	498
113626	113626	180
163100	163100	847
10468	10468	800
7247	7247	159
6380	6380	496
14459	14459	1,923
2538	2538	4,841
2541	2541	1,502
2539	2539	6,333
163105	163105	87
245601	245601	770
37250	37250	253
58556	58556	78
163109	163109	143
14770	14770	513
488330	488330	921
10073	10073	387
962013	962013	17
2229850	2229850	63
80231	80231	559
4058	4058	1,403
18966	18966	506
685601	685601	352
5618	5618	4,766
48617	48617	29
3182	3182	4,221
9147	9147	380
1831691	1831691	69
27742	27742	407
7453	7453	571
1680	1680	23,735
6196	6196	917
141722	141722	69
2966510	2966510	10
10105	10105	389
623614	623614	11
7521	7521	1,966
89336	89336	15
163142	163142	676
2748	2748	3,156
5227	5227	3,668
163148	163148	596
8593	8593	3,767
19754	19754	377
16851	16851	2,831
26842	26842	881
561390	561390	119
2684565	2684565	46
4675	4675	2,615
42104	42104	184
1703	1703	27,500
1702	1702	15,783
157303	157303	6,998
30490	30490	735
2349388	2349388	8
1440815	1440815	82
163163	163163	1,691
163166	163166	976
73600	73600	2,429
21846	21846	375
163161	163161	1,538
328898	328898	380
80775	80775	0
5679	5679	378
141909	141909	40
11959	11959	833
942681	942681	295
9893	9893	5,086
2056230	2056230	136
67723	67723	8
33162	33162	287
737227	737227	83
2700	2700	13
54748	54748	914
3538	3538	1,447
1976	1976	2,820
137315	137315	79
26618	26618	185
26618	26618	185
32205	32205	81
141121	141121	66
1729578	1729578	10
1995	1995	769
163188	163188	4,396
99322	99322	245
4870	4870	3,739
3493	3493	7,975
40233	40233	318
2800368	2800368	2
13315	13315	785
4715	4715	3,562
23213	23213	684
5822	5822	2,081
3308	3308	3,220
11232	11232	60
8647	8647	78
3212	3212	499
426040	426040	2,100
1185189	1185189	0
2263834	2263834	1,128
406714	406714	192
33213	33213	227
3600	3600	9,215
38666	38666	1,369
163202	163202	41
18152	18152	301
28349	28349	181
5113	5113	3,619
13421	13421	1,217
1092595	1092595	0
9847	9847	3,442
3534	3534	4,513
14776	14776	298
2150364	2150364	6
163203	163203	49
6800	6800	4
2159	2159	8,219
6621	6621	85
163208	163208	2,008
20507	20507	264
7818	7818	90
17163	17163	670
46090	46090	272
10559	10559	765
13005	13005	23
15317	15317	1,251
2533534	2533534	2
227787	227787	2
46205	46205	3
16531	16531	1,831
1201	1201	1,044
2082796	2082796	15
21835	21835	3,253
410519	410519	266
287463	287463	2
163217	163217	3,043
40206	40206	1,770
269230	269230	110
3680	3680	894
3678	3678	4,789
3679	3679	581
40204	40204	210
137139	137139	711
20088	20088	2,170
163225	163225	18,881
5058	5058	1,978
3112744	3112744	172
1547573	1547573	12
5143	5143	4,116
5564	5564	5,415
899089	899089	10,342
3330	3330	10,593
112827	112827	1,417
12534	12534	6,771
2835291	2835291	23
7376	7376	1,219
1178255	1178255	192
58294	58294	198
88684	88684	90
474383	474383	200
35817	35817	207
9849	9849	2,293
89084	89084	6
1284	1284	11,267
13127	13127	1,706
34278	34278	132
5780	5780	2,769
2663519	2663519	1
16726	16726	895
16402	16402	409
3860095	3860095	0
292287	292287	451
1814815	1814815	53
163268	163268	1,300
1557409	1557409	1,030
15416	15416	888
12751	12751	712
26633	26633	346
7664	7664	820
2916	2916	836
2881832	2881832	1
36873	36873	462
5908	5908	2,419
2574630	2574630	4
12929	12929	1,007
293581	293581	33
3625	3625	10,655
73424	73424	39
163303	163303	581
87346	87346	43
721614	721614	100
725907	725907	759
4060	4060	5,514
15451	15451	523
163314	163314	923
345458	345458	289
3579	3579	1,287
163316	163316	1,311
163317	163317	99
136904	136904	27
163320	163320	479
99710	99710	23
2234	2234	22
6868	6868	14
3118452	3118452	32
4823	4823	1,833
25240	25240	236
163433	163433	501
221556	221556	134
8583	8583	446
145643	145643	4
141489	141489	7
1355	1355	7,270
6849	6849	369
1162260	1162260	48
7789	7789	7,807
3744	3744	8,587
3747	3747	173
163470	163470	1,163
7479	7479	2,781
3108	3108	1,954
6894	6894	34
6182	6182	61
18485	18485	644
163509	163509	837
6516	6516	2,304
163512	163512	3,376
163513	163513	5,241
163484	163484	910
298705	298705	91
646775	646775	248
163516	163516	786
6487	6487	13,510
476427	476427	448
31275	31275	61
21250	21250	985
2263179	2263179	2,131
14914	14914	1,253
5681	5681	536
5089	5089	1,983
157261	157261	1,185
163336	163336	234
4943	4943	544
2238	2238	182
163347	163347	12,920
55032	55032	415
63123	63123	373
3896	3896	2,228
40490	40490	159
942028	942028	2
163358	163358	562
6569	6569	448
16406	16406	256
16406	16406	256
6588	6588	41
15079	15079	2,171
2057217	2057217	159
33097	33097	311
221556	221556	134
1191	1191	1,252
9969	9969	458
580689	580689	1,361
21203	21203	12
747223	747223	20
11454	11454	871
15768	15768	1,660
10471	10471	2,512
9746	9746	6
37381	37381	702
5720	5720	1,487
1093	1093	38,794
8649	8649	306
1038	1038	52,849
1038	1038	52,849
2211	2211	5,797
2210	2210	93
2272	2272	27,776
6893	6893	2,179
18609	18609	241
16695	16695	638
1489544	1489544	73
4768	4768	2,467
12689	12689	739
12690	12690	552
4768	4768	2,467
10907	10907	615
22495	22495	330
54838	54838	880
163416	163416	1,862
345369	345369	1,535
19667	19667	60
5969	5969	14
1262	1262	9,124
6848	6848	3,284
583994	583994	174
2496	2496	2,325
864037	864037	349
44175	44175	1,062
4458	4458	3,996
4458	4458	3,997
46429	46429	43
163455	163455	38
6245	6245	423
157308	157308	345
163460	163460	497
20344	20344	645
5522	5522	849
2991085	2991085	4
2569030	2569030	34
2569030	2569030	34
2465	2465	2,213
1964423	1964423	1,142
7455	7455	6,572
209424	209424	40
233533	233533	292
81440	81440	195
11300	11300	116
293953	293953	224
90324	90324	102
1264055	1264055	386
3762	3762	5,828
2926	2926	373
2928	2928	3,424
2105927	2105927	47
2927	2927	107
4296	4296	5,886
1301	1301	687
1296	1296	3,783
8480	8480	126
847546	847546	912
16312	16312	2
622668	622668	1
596853	596853	112
51834	51834	125
6229	6229	930
7456	7456	626
20026	20026	596
8211	8211	8,731
7512	7512	1,125
18613	18613	5,083
2010219	2010219	16
5666	5666	3,804
163488	163488	1,824
2594521	2594521	3
5672	5672	2,337
7361	7361	6,042
163490	163490	1,426
9420	9420	1,673
68237	68237	136
19023	19023	503
21019	21019	68
107854	107854	506
2627283	2627283	12
2627283	2627283	12
2564	2564	2,756
5849	5849	2,257
231770	231770	3,294
152903	152903	303
1252711	1252711	153
8126	8126	404
6367	6367	1,092
157297	157297	1,672
13318	13318	55
4080	4080	2,154
34195	34195	1,197
10241	10241	1,989
80933	80933	436
51556	51556	489
113890	113890	79
2155	2155	13,778
310788	310788	3,968
12145	12145	9
4066	4066	12,642
15899	15899	741
1260548	1260548	368
347965	347965	1
2385	2385	2,153
44128	44128	897
80981	80981	536
163520	163520	1,737
58645	58645	166
7005	7005	5,827
586890	586890	55
1313689	1313689	24
7237	7237	785
152654	152654	93
3030	3030	2,867
5471	5471	2,179
6222	6222	49
53913	53913	499
4176	4176	3,350
1290391	1290391	94
4303	4303	1,424
81404	81404	9
1128	1128	24,120
38846	38846	779
904878	904878	13
23126	23126	476
14570	14570	866
164988	164988	1,573
3373	3373	327
42187	42187	350
46529	46529	595
14330	14330	847
22849	22849	1,937
163592	163592	1,686
1130691	1130691	127
3883	3883	41
207806	207806	37
12459	12459	1,033
10820	10820	107
380270	380270	316
11108	11108	688
135338	135338	50
2561261	2561261	0
163681	163681	781
20096	20096	105
13131	13131	262
110492	110492	52
7852	7852	129
163743	163743	501
1890027	1890027	11
200465	200465	5,258
1073	1073	37,390
48932	48932	556
152837	152837	63
21735	21735	134
6808	6808	280
14528	14528	1,515
20431	20431	298
14631	14631	955
550396	550396	0
163547	163547	4,093
1515	1515	5,025
48913	48913	5
2599	2599	13,730
8677	8677	991
40563	40563	357
8914	8914	1,209
4713	4713	7,823
1001546	1001546	102
57708	57708	858
1058344	1058344	316
157346	157346	2,054
67892	67892	791
157358	157358	2,008
163568	163568	224
29655	29655	141
3677	3677	18,489
163578	163578	2,317
5652	5652	373
344685	344685	279
6671	6671	1,555
68069	68069	481
3924	3924	391
280729	280729	1,596
1033453	1033453	4
114488	114488	291
582890	582890	113
114591	114591	1
3469	3469	820
1449	1449	4,406
9359	9359	744
63052	63052	99
1663	1663	15,883
29683	29683	600
3027	3027	2,521
19970	19970	493
16734	16734	2,016
9405	9405	3,779
12962	12962	369
36024	36024	679
2753	2753	5,770
2761	2761	3,299
2756	2756	251
2412786	2412786	5,240
13202	13202	20
36027	36027	327
32199	32199	54
142877	142877	24
7006	7006	736
458345	458345	124
152769	152769	5
163622	163622	1,261
11384	11384	273
44251	44251	40
16423	16423	625
301043	301043	31
11485	11485	1,134
13500	13500	420
1089087	1089087	48
2214294	2214294	4
163632	163632	738
1848073	1848073	36
1757570	1757570	15
51716	51716	905
44239	44239	563
163631	163631	2,176
290183	290183	521
24747	24747	618
40457	40457	335
38827	38827	169
1054040	1054040	79
415128	415128	2,338
81566	81566	350
90555	90555	238
2763941	2763941	94
34110	34110	26
238105	238105	1,945
500320	500320	7
986797	986797	13
51829	51829	578
163638	163638	866
163640	163640	7,105
157236	157236	18,201
1215774	1215774	3
15718	15718	358
13502	13502	58
920392	920392	89
163649	163649	126
766459	766459	17
163658	163658	5,328
11963	11963	910
3776	3776	3,061
4325	4325	516
3695	3695	2,629
3696	3696	59
166250	166250	1,071
8221	8221	1,404
2616766	2616766	0
163664	163664	4,079
101569	101569	2
5027	5027	596
9102	9102	114
1528623	1528623	18
1468647	1468647	140
163667	163667	1,882
436823	436823	391
73899	73899	12
528217	528217	319
1060	1060	12,878
163683	163683	227
5311	5311	2,738
22966	22966	596
366498	366498	101
870337	870337	71
29064	29064	203
73863	73863	126
69001	69001	132
12965	12965	1,478
1383659	1383659	257
733572	733572	38
1948429	1948429	192
1202	1202	2,334
26858	26858	58
26857	26857	13
8214	8214	37
273040	273040	0
3829	3829	6
11019	11019	2,669
100618	100618	260
163732	163732	540
2645259	2645259	19
12784	12784	84
32170	32170	495
587142	587142	90
9236	9236	1,647
14782	14782	254
2375961	2375961	4,671
17623	17623	163
4674	4674	4,132
4677	4677	3,292
9110	9110	876
2751	2751	4,139
5650	5650	3,372
2534	2534	4,069
81090	81090	50
7923	7923	618
7924	7924	264
29666	29666	0
4969	4969	10,079
12505	12505	2,813
14038	14038	476
834572	834572	136
283441	283441	527
163749	163749	2,053
15721	15721	783
659480	659480	326
1689	1689	16,764
19102	19102	33
487665	487665	59
403275	403275	518
4841	4841	1,869
996562	996562	1
14578	14578	353
163773	163773	534
163782	163782	853
46365	46365	76
3398	3398	1,335
1034339	1034339	558
163847	163847	1,098
4034	4034	176
4031	4031	2,197
4032	4032	9
163853	163853	3,736
1193826	1193826	70
614583	614583	185
163909	163909	414
5509	5509	2,374
13133	13133	445
17177	17177	107
10667	10667	4,842
163755	163755	1,855
68017	68017	220
163757	163757	1,339
58702	58702	191
81160	81160	234
19103	19103	73
163761	163761	6,243
44219	44219	1,121
10147	10147	1,159
17404	17404	230
163766	163766	122
7570	7570	25
3240	3240	26,422
30401	30401	719
10564	10564	5,739
142481	142481	23
4062	4062	3,014
1669	1669	23,701
1671	1671	15,056
1667	1667	3,588
3866	3866	6,179
1670	1670	8,251
12787	12787	4,067
163779	163779	223
1048815	1048815	780
13205	13205	513
1750182	1750182	9
163778	163778	2,948
8556	8556	1,020
10121	10121	604
549750	549750	6
489490	489490	9
81236	81236	31
1307	1307	28,935
244482	244482	863
3114001	3114001	28
3128	3128	9,569
163796	163796	3,253
163797	163797	423
5437	5437	1,186
3012	3012	13,526
11327	11327	425
163813	163813	670
10914	10914	2,801
13575	13575	51
44195	44195	1,265
163820	163820	2,586
5265	5265	943
163824	163824	541
865968	865968	42
1811868	1811868	366
163825	163825	7,921
413634	413634	431
1047754	1047754	77
8427	8427	1,477
2525231	2525231	168
74088	74088	191
54875	54875	592
2020	2020	8,960
19807	19807	1,159
269727	269727	227
550530	550530	241
20663	20663	650
5566	5566	307
4502	4502	613
157262	157262	596
20785	20785	214
163831	163831	689
12280	12280	917
10727	10727	99
16225	16225	973
23455	23455	32
346923	346923	1,266
591585	591585	80
30404	30404	2,985
48901	48901	138
9112	9112	1,992
163835	163835	442
31265	31265	1,464
4504	4504	2,149
114361	114361	21
163837	163837	893
7463	7463	4,486
586549	586549	159
14465	14465	2,116
3364	3364	10,093
3361	3361	723
3366	3366	393
24431	24431	140
3215	3215	708
163842	163842	839
706475	706475	83
51921	51921	238
8455	8455	2,799
62923	62923	412
1126	1126	109
26932	26932	485
528811	528811	171
2279	2279	5,293
59121	59121	356
55381	55381	583
163886	163886	4,741
44465	44465	45
32922	32922	1,131
5927	5927	2,864
6539	6539	52
9754	9754	81
336380	336380	778
3681	3681	9,984
2544000	2544000	188
1622	1622	8
10242	10242	81
63497	63497	16
12727	12727	4,667
163864	163864	634
5597	5597	854
2265230	2265230	0
1483	1483	33,929
1484	1484	1,977
11022	11022	1,285
68607	68607	39
163869	163869	2,564
49128	49128	247
487239	487239	1,711
134137	134137	671
390638	390638	131
28893	28893	5,339
4124	4124	992
163872	163872	935
18112	18112	165
6460	6460	594
20679	20679	1
2394652	2394652	149
49105	49105	655
1558296	1558296	0
163880	163880	2,755
163881	163881	826
1155761	1155761	260
55434	55434	53
163883	163883	4,451
2074	2074	3,749
5930	5930	1,533
21030	21030	128
38950	38950	417
2953389	2953389	15
204219	204219	269
82304	82304	112
3676	3676	3,197
561784	561784	801
3140	3140	5,542
436931	436931	904
1100944	1100944	2,738
1959	1959	5,835
5978	5978	11,868
163906	163906	5,684
52138	52138	39
102727	102727	41
4506	4506	480
13256	13256	1,612
13692	13692	843
2357867	2357867	62
55167	55167	492
34086	34086	676
10182	10182	347
1402221	1402221	3
101674	101674	313
34089	34089	56
157320	157320	618
18923	18923	13
163928	163928	1,609
5355	5355	7,232
7474	7474	488
1306853	1306853	3
34870	34870	5
22869	22869	1,245
68556	68556	142
240179	240179	719
1015	1015	29,180
570550	570550	9,048
1023	1023	11,186
1016	1016	17,915
1021	1021	9,758
8127	8127	2,600
157327	157327	9,887
12775	12775	1,940
709075	709075	24
279556	279556	1,374
210064	210064	1,799
143644	143644	62
37447	37447	127
40602	40602	261
241309	241309	2,314
733623	733623	131
78686	78686	11
34862	34862	116
9650	9650	2,797
11262	11262	995
484052	484052	11
55271	55271	465
1418098	1418098	0
4269	4269	227
883663	883663	26
15620	15620	123
4811	4811	1,021
19726	19726	657
18337	18337	2,035
6548	6548	768
6223	6223	7,162
51995	51995	45
15777	15777	1,626
4191	4191	5,247
2848734	2848734	28
7560	7560	424
831776	831776	491
1677	1677	10,667
1678	1678	4,831
807593	807593	1,917
1679	1679	806
806637	806637	9
165295	165295	8,001
806642	806642	208
318804	318804	749
18924	18924	334
51976	51976	23
16545	16545	771
2902026	2902026	70
27598	27598	251
9240	9240	2,705
2078	2078	3,377
11418	11418	35
488764	488764	44
2578	2578	1,236
8934	8934	3,856
68688	68688	282
2683	2683	471
163963	163963	583
59251	59251	54
55445	55445	40
766729	766729	45
1881687	1881687	2
153258	153258	236
2276	2276	16,492
18466	18466	991
304051	304051	2,616
12510	12510	1,031
1570752	1570752	12
1904	1904	8,972
1911	1911	3,064
1905	1905	11,062
269358	269358	76
6612	6612	2,243
2822	2822	8,860
1472	1472	39,751
18627	18627	791
23787	23787	88
82365	82365	476
11716	11716	6,033
601919	601919	1,092
7254	7254	623
202443	202443	266
17363	17363	1,091
163974	163974	5,446
10634	10634	2,649
786773	786773	73
369633	369633	4,174
3802	3802	4,663
3800	3800	414
1112485	1112485	291
5094	5094	2,715
3411	3411	8,148
76752	76752	249
2886	2886	403
267101	267101	598
1100058	1100058	15
1517504	1517504	21
81695	81695	79
38923	38923	221
63236	63236	0
7628	7628	4
59020	59020	327
167353	167353	239
163991	163991	742
28984	28984	356
163993	163993	4,570
167354	167354	809
4791	4791	1,223
939521	939521	128
1454439	1454439	57
18372	18372	646
51912	51912	241
1399	1399	17,847
68584	68584	319
8518	8518	47
353667	353667	194
115890	115890	5
8062	8062	1,333
387974	387974	88
102252	102252	310
18263	18263	249
164006	164006	876
2346668	2346668	25
59214	59214	92
1297696	1297696	101
2306664	2306664	0
540175	540175	54
1042850	1042850	312
232040	232040	64
10889	10889	5,588
374889	374889	164
17733	17733	2,336
91282	91282	249
1382	1382	17,992
479642	479642	173
24095	24095	1,269
4816	4816	2,234
18345	18345	259
1633400	1633400	51
1441	1441	29,597
8935	8935	3,212
2448597	2448597	179
2348531	2348531	66
59244	59244	319
11262	11262	995
15098	15098	1,406
3863	3863	9,677
784365	784365	220
42497	42497	335
11178	11178	3,793
688309	688309	235
12601	12601	1,441
2432	2432	7,227
12291	12291	2,461
1153	1153	466
164041	164041	4,851
24671	24671	432
164044	164044	1,645
24099	24099	3,134
15698	15698	289
21182	21182	377
428026	428026	488
15523	15523	320
21943	21943	1,303
74428	74428	76
55172	55172	591
15780	15780	188
13542	13542	557
37486	37486	2,323
63342	63342	19
81749	81749	162
1781739	1781739	51
134868	134868	87
2687804	2687804	15
455828	455828	28
37441	37441	796
361791	361791	3
164063	164063	153
143596	143596	161
36045	36045	1,132
14294	14294	14
648913	648913	3
6022	6022	575
230282	230282	1,153
63504	63504	140
6585	6585	875
164086	164086	2,049
164086	164086	2,049
164087	164087	347
15823	15823	1,643
156932	156932	96
153118	153118	175
8584	8584	5,046
8063	8063	1,013
7791	7791	2,220
5328	5328	3,182
3671	3671	7,929
3670	3670	213
2256794	2256794	1
6419	6419	1,380
9151	9151	887
4749	4749	3,079
3626	3626	17,529
3627	3627	1,560
164144	164144	523
1000415	1000415	250
1250715	1250715	0
91325	91325	153
91326	91326	116
1756	1756	5,787
51877	51877	135
164148	164148	6,782
319919	319919	94
164150	164150	5,460
18930	18930	687
3844	3844	2,592
2019116	2019116	100
164197	164197	2,271
370356	370356	1,269
17894	17894	773
12934	12934	2,712
26108	26108	542
1241	1241	11,485
497721	497721	318
164234	164234	2,103
13901	13901	759
11263	11263	1,012
1926648	1926648	1
2538221	2538221	1
1549735	1549735	1
2217	2217	17,623
4798	4798	7,218
2427	2427	2,449
133825	133825	21
19287	19287	1,128
2230	2230	2,380
164113	164113	1,522
42481	42481	112
17184	17184	41
8225	8225	156
52149	52149	140
164118	164118	113
34783	34783	267
164122	164122	464
164123	164123	4,107
6418	6418	276
81716	81716	200
5918	5918	632
164124	164124	1,178
36106	36106	155
2067	2067	7,349
2450512	2450512	55
2064	2064	1,459
19540	19540	3,613
13095	13095	899
32994	32994	631
2543533	2543533	74
2832647	2832647	51
4435	4435	41
4434	4434	2,091
547353	547353	1,223
31199	31199	238
4934	4934	2,278
58999	58999	75
31198	31198	166
55154	55154	756
994715	994715	79
26084	26084	608
164134	164134	1,328
38914	38914	727
3048433	3048433	24
17138	17138	604
101688	101688	183
164136	164136	1,653
5178	5178	580
42368	42368	298
3486	3486	223
51872	51872	372
2276740	2276740	33
36093	36093	79
775596	775596	250
58991	58991	266
12931	12931	1,664
408065	408065	2,173
4698	4698	4,202
6514	6514	5,510
14967	14967	523
10969	10969	713
55146	55146	153
1943848	1943848	530
252427	252427	328
164157	164157	2,391
4520	4520	1,523
4517	4517	1,183
134784	134784	369
1030946	1030946	280
11054	11054	2,715
1300050	1300050	211
3975	3975	524
571936	571936	0
725100	725100	0
24422	24422	308
9752	9752	440
25634	25634	10
68467	68467	1,182
164171	164171	94
40639	40639	1,673
58978	58978	263
258644	258644	3,244
164172	164172	1,094
164175	164175	4,074
1061622	1061622	508
1356243	1356243	33
164178	164178	2,019
4326	4326	5,969
4324	4324	986
5458	5458	3,784
101842	101842	0
1025	1025	86,622
17142	17142	378
12932	12932	822
143378	143378	154
38900	38900	1,049
32115	32115	375
30452	30452	278
22160	22160	313
164193	164193	2,731
14766	14766	146
2233	2233	3,588
58965	58965	78
2449	2449	14,920
164195	164195	1,959
13268	13268	247
3065	3065	3,240
2734774	2734774	133
15103	15103	783
5078	5078	763
2891347	2891347	50
30335	30335	327
1294973	1294973	3,165
2269877	2269877	744
163962	163962	795
11390	11390	2,512
27582	27582	194
29599	29599	460
14522	14522	2,576
19457	19457	1,118
63386	63386	372
63389	63389	60
1344	1344	16,771
1345	1345	9,241
1346	1346	2,920
35186	35186	857
164215	164215	243
26586	26586	677
19489	19489	858
985274	985274	185
16228	16228	503
11618	11618	1,631
115659	115659	549
164218	164218	5,528
293995	293995	335
36069	36069	222
725855	725855	1,011
25638	25638	35
10340	10340	1,475
46651	46651	344
3980	3980	3,489
164223	164223	869
7088	7088	1,012
101964	101964	250
55226	55226	78
3014	3014	1,752
16506	16506	646
10001	10001	2,997
68529	68529	735
122771	122771	790
31215	31215	445
14412	14412	476
2343	2343	428
81962	81962	474
5707	5707	163
3569	3569	1,373
51941	51941	680
9852	9852	380
4257	4257	18,777
21026	21026	454
2122794	2122794	1,128
2129741	2129741	963
164245	164245	7,015
17144	17144	391
5751	5751	2,240
164249	164249	5,458
220336	220336	5,691
887707	887707	15
46647	46647	195
368844	368844	373
7055	7055	107
40619	40619	257
115808	115808	6
32129	32129	1,377
514175	514175	106
331965	331965	729
68493	68493	1,342
1009	1009	112,406
164262	164262	883
164263	164263	539
5831	5831	2,767
28209	28209	396
22612	22612	422
32122	32122	96
3386	3386	808
9753	9753	737
7963	7963	2,528
248281	248281	827
2964	2964	667
5870	5870	1,149
164301	164301	318
5147	5147	2,802
164305	164305	239
74708	74708	238
11776	11776	2,345
215713	215713	3,340
15031	15031	623
5407	5407	50
206070	206070	814
46891	46891	117
6370	6370	1,225
406315	406315	255
37561	37561	314
153665	153665	127
27638	27638	133
3069	3069	1,854
164482	164482	80
230606	230606	655
210006	210006	7
164495	164495	568
2882	2882	4,472
232089	232089	320
10437	10437	33
2884	2884	807
164503	164503	6,571
497371	497371	45
9652	9652	1,796
64106	64106	116
2195313	2195313	0
18225	18225	807
9781	9781	215
1821489	1821489	28
7513	7513	2,011
117791	117791	23
6525	6525	374
8878	8878	673
28160	28160	540
33911	33911	594
7080	7080	66
14312	14312	286
265695	265695	1,376
6761	6761	454
36229	36229	893
1905130	1905130	141
28246	28246	619
2317935	2317935	73
17374	17374	2,057
164341	164341	44
49295	49295	267
5973	5973	1,090
2148	2148	731
164346	164346	834
13944	13944	1,073
10639	10639	342
164352	164352	24
1711	1711	4,569
3858	3858	1,526
4596	4596	207
1283	1283	15,183
42623	42623	303
164368	164368	200
3175	3175	5,418
3176	3176	917
30301	30301	375
2576	2576	3,311
39109	39109	1
16530	16530	933
164372	164372	927
2394608	2394608	0
15829	15829	52
75384	75384	251
39099	39099	142
31175	31175	201
2305	2305	4,135
11056	11056	3,149
56974	56974	509
1994496	1994496	2,286
1232516	1232516	23
102364	102364	74
250281	250281	1
5436	5436	360
15111	15111	327
20563	20563	676
4499	4499	210
6393	6393	1,876
23998	23998	107
13329	13329	1,421
783971	783971	127
11606	11606	866
52296	52296	368
1053	1053	46,888
3446	3446	163
5071	5071	915
52394	52394	20
3549	3549	3,561
17752	17752	299
20543	20543	344
1581113	1581113	20
164405	164405	1,375
252398	252398	511
487735	487735	0
91532	91532	733
3752	3752	1,485
164413	164413	922
731814	731814	26
3242	3242	9,464
164422	164422	1,216
2950836	2950836	96
133210	133210	58
69173	69173	0
164431	164431	846
10828	10828	1,989
6979	6979	2,844
11168	11168	567
4975	4975	157
18386	18386	195
7994	7994	610
12973	12973	219
547228	547228	270
1666	1666	6,718
9561	9561	2,139
164444	164444	961
63951	63951	234
2625958	2625958	28
4044	4044	2,434
82880	82880	728
1768	1768	524
7226	7226	578
4318	4318	1,126
3780	3780	4,067
971724	971724	180
253538	253538	436
7256	7256	1,789
164472	164472	107
92290	92290	234
14589	14589	84
11272	11272	1,433
75562	75562	6
52327	52327	203
3149	3149	36
7550	7550	1,414
7550	7550	1,414
55750	55750	274
25566	25566	123
164512	164512	632
40161	40161	101
69292	69292	237
21568	21568	32
6734	6734	4,534
8129	8129	403
1067	1067	22,384
164527	164527	4,311
6421	6421	87
164528	164528	1,712
9398	9398	207
7581	7581	148
3267	3267	1,427
3218	3218	2,482
153399	153399	193
17902	17902	908
164539	164539	1,475
1068	1068	104,806
4827	4827	281
421622	421622	197
4852	4852	3,249
4754	4754	206
6970	6970	2,838
2422750	2422750	15
164516	164516	2,602
4025	4025	12,106
8202	8202	943
59292	59292	304
1205	1205	580
164521	164521	1,008
427757	427757	45
164522	164522	713
485399	485399	234
21756	21756	214
25664	25664	205
1689002	1689002	176
164525	164525	537
5154	5154	2,691
4306	4306	72
626053	626053	23
15201	15201	1,345
13270	13270	1,171
952604	952604	6
164535	164535	6,103
603952	603952	109
4660	4660	225
11720	11720	703
3789	3789	12,212
3790	3790	829
30295	30295	919
1534698	1534698	42
164549	164549	2,212
5843	5843	1,481
1207	1207	22,607
17625	17625	567
2247	2247	18,350
22639	22639	337
28836	28836	1,400
3178	3178	11,298
3177	3177	185
42610	42610	1,408
167460	167460	795
92132	92132	1,353
572302	572302	55
28144	28144	325
164558	164558	805
2240	2240	4,819
779251	779251	152
25106	25106	241
82935	82935	99
8229	8229	1,491
164570	164570	1,903
1827195	1827195	55
32889	32889	195
164581	164581	1,673
19680	19680	107
2219	2219	7,679
482285	482285	8
15787	15787	623
2722	2722	3,295
132784	132784	29
2264103	2264103	28
1079	1079	19,856
11122	11122	64
103779	103779	215
164571	164571	676
1550	1550	72,885
1036298	1036298	29
17629	17629	1,137
17630	17630	433
15697	15697	995
7031	7031	6,490
338135	338135	4,418
263571	263571	938
92423	92423	309
3110381	3110381	3
300491	300491	46
2799530	2799530	64
1122744	1122744	1,285
1319584	1319584	134
4429	4429	846
3922	3922	7,297
2308	2308	439
2307	2307	4,607
8621	8621	884
164586	164586	390
8622	8622	217
9970	9970	358
164590	164590	2,014
10829	10829	895
7670	7670	188
12652	12652	225
36223	36223	59
75160	75160	929
22635	22635	1,495
3252	3252	7,973
3255	3255	1,734
8512	8512	207
19133	19133	373
18186	18186	515
30273	30273	257
32071	32071	531
102837	102837	296
25670	25670	0
3076	3076	3,243
1014636	1014636	306
9585	9585	5,920
55453	55453	202
3439	3439	8,715
34927	34927	589
11169	11169	4,566
7616	7616	9,720
15547	15547	2,163
164605	164605	382
12942	12942	5
1975533	1975533	35
52097	52097	499
164610	164610	100
12072	12072	577
604043	604043	219
5732	5732	2,662
40755	40755	860
55571	55571	107
34924	34924	505
13601	13601	14
28810	28810	290
16712	16712	166
1943	1943	9,119
144237	144237	672
164615	164615	12
25217	25217	811
164618	164618	919
12607	12607	312
19053	19053	221
1025266	1025266	102
5749	5749	20,775
5670	5670	3,908
1288025	1288025	151
601522	601522	188
4830	4830	4,675
28807	28807	57
164627	164627	251
42555	42555	104
55555	55555	245
10585	10585	23
3741	3741	1,385
20182	20182	227
2732394	2732394	5,313
16948	16948	15
22409	22409	340
4914	4914	24,584
3059	3059	3,286
4536	4536	2,052
164645	164645	254
75216	75216	564
116906	116906	391
1662	1662	5,475
1662	1662	5,475
2810	2810	15,767
7633	7633	2,086
15305	15305	5,873
8916	8916	62
6238	6238	201
3724	3724	1,037
3503	3503	2,339
82640	82640	968
1210593	1210593	1,188
469513	469513	723
68924	68924	2,496
1871618	1871618	150
1479421	1479421	27
1479421	1479421	27
5294	5294	5,319
207964	207964	444
259977	259977	11
326093	326093	81
164778	164778	2,750
216631	216631	532
496167	496167	53
164788	164788	652
33962	33962	200
25544	25544	121
12250	12250	1,199
1428963	1428963	389
1174	1174	1,007
75307	75307	32
12251	12251	229
164663	164663	78
8703	8703	286
164664	164664	8,340
2507112	2507112	200
9027	9027	3,348
1789632	1789632	14
42537	42537	525
31961	31961	181
3475	3475	1,563
69033	69033	309
397638	397638	209
5107	5107	3,166
10365	10365	1,868
75295	75295	45
586877	586877	18
7935	7935	2,927
144445	144445	157
69017	69017	142
6291	6291	739
1442399	1442399	4
91869	91869	8
17676	17676	1,160
164678	164678	2,239
19727	19727	298
1076974	1076974	238
394551	394551	30
91959	91959	139
16389	16389	1,009
75356	75356	114
6994	6994	452
22185	22185	89
4994	4994	4,228
31159	31159	45
4757	4757	918
2646803	2646803	8
117045	117045	178
3701	3701	2,469
20185	20185	336
16599	16599	14
5232	5232	1,445
480118	480118	33
11275	11275	1,588
731629	731629	753
1465	1465	2,786
164708	164708	304
347020	347020	1,753
164711	164711	2,732
7614	7614	1,977
36192	36192	235
26970	26970	1,037
91912	91912	78
69585	69585	65
1625	1625	8,140
3137	3137	3,078
12518	12518	985
6559	6559	11
75892	75892	44
2206	2206	9,133
2980	2980	3,229
154077	154077	248
255711	255711	133
2701	2701	26,199
551206	551206	1,030
19823	19823	352
15788	15788	4,678
11057	11057	294
164731	164731	709
2861	2861	4,771
8034	8034	7,318
52488	52488	2,066
1203	1203	703
16206	16206	273
21582	21582	309
164732	164732	506
131811	131811	159
131817	131817	217
20915	20915	400
2250	2250	4,215
438302	438302	46
39204	39204	322
18190	18190	884
10281	10281	1,072
4307	4307	5,398
639215	639215	8
11059	11059	2,388
18189	18189	793
3122	3122	20
118763	118763	204
164740	164740	1,126
8525	8525	414
1337	1337	4,545
83708	83708	547
2486	2486	311
920640	920640	2
37685	37685	581
15700	15700	284
47148	47148	242
318858	318858	1,179
7173	7173	160
11624	11624	387
6593	6593	3,306
164748	164748	454
8154	8154	28
83765	83765	170
1319	1319	65,093
7542	7542	3,130
16950	16950	254
14709	14709	1,716
37788	37788	376
4328	4328	992
7462	7462	1,963
11079	11079	1,669
9082	9082	2,248
35108	35108	852
7177	7177	519
5790	5790	1,297
204367	204367	488
164771	164771	7,014
4128	4128	48,969
41004	41004	1,129
6327	6327	35
3815	3815	778
20700	20700	1,205
282043	282043	461
64581	64581	621
11124	11124	300
14089	14089	462
1132572	1132572	3
2327858	2327858	375
59669	59669	276
5667	5667	4,469
6628	6628	2
164798	164798	8,454
210781	210781	18
20190	20190	613
59781	59781	193
164881	164881	3,595
118131	118131	4
10008	10008	1,109
2965109	2965109	131
11971	11971	237
1291087	1291087	200
92911	92911	145
19688	19688	1,321
2152720	2152720	24
1424742	1424742	2
16087	16087	477
2077	2077	84
69419	69419	63
5318	5318	1,526
1075291	1075291	3,169
164979	164979	1,622
9307	9307	63
1328264	1328264	31
8414	8414	80
5884	5884	825
6591	6591	735
24034	24034	2,309
6489	6489	359
1622771	1622771	42
1622771	1622771	42
6387	6387	824
3571	3571	19
19201	19201	73
214560	214560	734
18098	18098	1,017
35133	35133	619
131648	131648	356
5040	5040	264
55981	55981	297
15929	15929	935
2092	2092	738
104717	104717	247
104791	104791	154
2300	2300	43,342
558151	558151	303
14288	14288	255
2322	2322	910
5439	5439	571
5438	5438	3,272
40912	40912	678
6084	6084	115
164815	164815	105
19305	19305	105
2827163	2827163	64
131493	131493	76
27037	27037	385
20453	20453	23
559815	559815	383
41020	41020	316
207989	207989	22
3192	3192	2,006
5461	5461	5,240
1788720	1788720	197
52615	52615	275
104957	104957	50
4376	4376	1,118
164835	164835	3,561
1799	1799	6,931
5813	5813	53
83187	83187	133
1282941	1282941	39
6631	6631	3,047
13856	13856	3,922
27556	27556	540
8068	8068	396
6346	6346	2,693
214480	214480	338
118585	118585	318
21987	21987	690
92888	92888	43
2571342	2571342	13
13651	13651	186
2311	2311	24,870
6859	6859	3,018
1544	1544	3,402
1874	1874	6,411
1096648	1096648	2,421
8389	8389	130
7141	7141	582
164860	164860	1,077
3772	3772	2,897
22534	22534	573
15551	15551	985
120240	120240	1,293
992433	992433	866
8792	8792	1,105
8791	8791	869
404049	404049	110
16778	16778	685
3631	3631	8,140
104644	104644	61
164870	164870	339
18523	18523	1,079
3015	3015	4,564
3013	3013	221
83722	83722	2
32831	32831	368
4463	4463	63
1748427	1748427	654
26058	26058	581
2876	2876	764
60049	60049	618
11212	11212	102
240639	240639	8
11213	11213	237
11211	11211	379
3214	3214	2,959
769477	769477	201
23420	23420	686
55970	55970	95
164876	164876	1,817
644201	644201	99
52668	52668	169
47129	47129	221
83785	83785	1
164880	164880	7,696
4801	4801	3,570
294694	294694	3
357477	357477	0
3466	3466	482
2294	2294	180
2297	2297	36
2550	2550	213
1045108	1045108	23
2336	2336	3,553
7849	7849	895
164888	164888	1,595
7601	7601	802
2677	2677	39,306
3743	3743	7,860
2935	2935	450
2934	2934	3,284
2933	2933	2,658
32849	32849	960
1900	1900	14,693
1901	1901	3,368
1903	1903	1,422
1371	1371	6,358
1371	1371	6,357
157325	157325	267
5264	5264	1,796
361792	361792	1,621
5166	5166	3,392
32732	32732	468
420233	420233	603
1407153	1407153	7
1115311	1115311	263
995588	995588	309
6169	6169	3,196
25481	25481	536
42873	42873	316
536380	536380	1
42874	42874	624
5418	5418	1,061
9616	9616	79
164917	164917	27
374936	374936	38
26035	26035	351
13735	13735	1,427
1603709	1603709	20
374970	374970	1
12076	12076	772
923340	923340	46
2300996	2300996	151
1003134	1003134	334
69372	69372	73
37626	37626	377
9402	9402	2,919
24015	24015	700
55893	55893	271
1841	1841	18,680
1839	1839	1,871
30996	30996	161
7075	7075	8,557
92876	92876	493
3577	3577	333
13277	13277	303
2570	2570	75
410499	410499	3,051
4871	4871	1,545
2697	2697	2,347
2423	2423	6,656
1680566	1680566	46
1486	1486	28,600
233613	233613	29
311957	311957	0
1166482	1166482	0
9804	9804	1,761
1139617	1139617	118
10596	10596	1,114
5603	5603	612
600191	600191	0
7064	7064	8,693
164938	164938	2,123
164939	164939	1,335
28083	28083	222
26057	26057	2,556
23068	23068	277
18453	18453	735
164940	164940	990
5394	5394	1,723
21988	21988	101
7947	7947	1,359
1178	1178	38,771
26431	26431	292
487245	487245	186
5146	5146	520
11307	11307	889
164945	164945	1,120
2213	2213	19,700
1651229	1651229	37
4628	4628	856
25596	25596	288
118977	118977	2
468599	468599	39
7397	7397	3,130
104873	104873	1,193
539022	539022	170
20369	20369	3,474
3476	3476	627
6034	6034	3,764
4101	4101	3,649
12077	12077	397
661786	661786	0
2236609	2236609	8
3643	3643	1,658
6481	6481	1,768
3690	3690	6,457
164978	164978	26
146115	146115	8
93264	93264	297
31037	31037	101
165522	165522	1,202
1035	1035	61,849
2052470	2052470	0
104996	104996	547
21591	21591	718
12552	12552	664
21787	21787	367
56124	56124	80
69820	69820	54
14712	14712	663
27004	27004	18
4682	4682	1,385
118096	118096	568
204489	204489	5,608
6827	6827	1,830
6827	6827	1,830
4741	4741	522
164989	164989	834
2763453	2763453	3
18897	18897	141
165001	165001	4,948
42642	42642	314
1496152	1496152	64
977749	977749	34
285983	285983	91
3305	3305	496
3307	3307	335
165006	165006	1,161
31910	31910	1
49510	49510	86
26540	26540	2
1688	1688	303
92651	92651	592
2531615	2531615	0
132283	132283	100
104054	104054	19
145319	145319	74
40881	40881	523
21975	21975	710
13214	13214	691
394293	394293	365
394293	394293	365
9152	9152	1,125
52451	52451	212
165022	165022	3,590
165024	165024	2,033
15283	15283	4,465
8485	8485	264
297410	297410	18
8484	8484	10
430170	430170	244
16609	16609	281
1511	1511	10,232
165027	165027	148
8362	8362	1,397
1167475	1167475	143
22782	22782	186
18938	18938	1
3090915	3090915	0
145391	145391	530
3422	3422	8,033
983286	983286	447
1463995	1463995	0
1844	1844	2,475
132217	132217	165
306019	306019	778
165033	165033	695
4873	4873	1,475
98749	98749	27
2519665	2519665	109
165034	165034	2,725
36348	36348	371
44795	44795	304
497017	497017	24,715
1351	1351	17,963
36352	36352	90
24358	24358	601
218446	218446	1,106
313622	313622	2,405
19637	19637	2,363
1771432	1771432	6,075
215929	215929	333
26041	26041	479
14716	14716	612
4894	4894	788
825143	825143	34
738939	738939	0
542220	542220	168
33890	33890	302
2744490	2744490	1
610159	610159	125
64250	64250	201
271552	271552	131
12361	12361	117
29474	29474	28
64253	64253	669
10673	10673	427
8346	8346	237
14637	14637	186
165073	165073	163
42740	42740	1,062
165078	165078	5,008
9837	9837	76
52427	52427	197
2122222	2122222	22
2122222	2122222	22
1043724	1043724	149
14264	14264	2,470
83728	83728	19
1002773	1002773	2,484
2003	2003	12,140
15531	15531	928
165093	165093	21
5128	5128	1,214
132099	132099	71
1828	1828	12,751
69522	69522	544
75848	75848	813
165128	165128	634
1467	1467	8,040
430300	430300	37
4767	4767	33
28061	28061	446
7423	7423	526
11567	11567	127
2635472	2635472	95
32912	32912	444
3062872	3062872	0
6995	6995	378
4728	4728	1,102
711482	711482	114
49586	49586	204
14381	14381	21
6577	6577	1,219
13283	13283	259
7136	7136	3,134
165246	165246	617
13078	13078	1,122
18212	18212	667
64320	64320	357
2008	2008	3,099
448814	448814	1,224
3608	3608	4,348
7783	7783	1,290
19926	19926	556
1088	1088	857
104396	104396	958
165263	165263	84
3828	3828	1,330
39227	39227	464
17208	17208	2,580
5218	5218	3,455
40853	40853	27
11214	11214	290
25582	25582	74
1068661	1068661	92
42724	42724	64
14537	14537	789
3199	3199	3,394
11566	11566	593
55958	55958	438
92751	92751	51
7720	7720	1,190
165106	165106	1,700
5913	5913	2,797
1367	1367	2
3433	3433	2,709
165109	165109	7,945
21236	21236	651
1556538	1556538	62
118537	118537	51
21074	21074	385
3227	3227	624
255685	255685	171
337717	337717	76
1370	1370	16
1346000	1346000	6
2340	2340	21,231
20365	20365	61
6309	6309	351
76485	76485	180
64776	64776	71
19060	19060	421
4904	4904	2,414
5112	5112	5,443
19203	19203	2
12554	12554	2
1206882	1206882	19
25497	25497	406
70076	70076	430
7118	7118	144
157312	157312	5,824
130685	130685	28
27487	27487	192
30949	30949	18
394497	394497	373
2623983	2623983	0
165142	165142	926
35173	35173	201
3495	3495	405
1396	1396	3,231
1393	1393	10,772
2105	2105	7,845
8293	8293	81
2770	2770	581
7629	7629	719
6242	6242	6
165158	165158	1,705
5404	5404	104
691684	691684	40
165168	165168	402
5349	5349	1,349
19062	19062	103
8274	8274	1,733
56397	56397	353
6032	6032	27
772793	772793	56
205651	205651	153
346543	346543	190
3432	3432	19,353
12178	12178	147
21401	21401	806
35273	35273	8
520115	520115	75
11677	11677	1,539
157237	157237	3,704
28024	28024	974
9805	9805	340
8917	8917	1,541
5241	5241	593
2122939	2122939	2,409
165181	165181	1,139
5025	5025	515
14932	14932	54
7543	7543	158
26359	26359	560
269397	269397	2,431
12738	12738	1,506
4274	4274	116
65045	65045	10
10285	10285	2,241
11033	11033	1
1885	1885	1,781
11403	11403	736
1714	1714	6,995
2029	2029	14,195
609893	609893	234
9029	9029	466
344306	344306	94
10982	10982	452
23298	23298	1,694
27043	27043	1,962
60080	60080	195
1338205	1338205	61
131261	131261	196
1303583	1303583	158
2782803	2782803	17
10456	10456	752
1290391	1290391	94
3379	3379	21,674
3380	3380	572
6592	6592	3,874
6590	6590	2,150
332801	332801	4
4187	4187	231
492328	492328	0
1092	1092	2,129
70101	70101	249
9989	9989	1,219
8544	8544	106
25042	25042	324
47365	47365	399
10051	10051	2,017
1594735	1594735	14
3831	3831	7,464
3833	3833	315
1412	1412	43,837
1412	1412	43,837
4174	4174	1,813
1105658	1105658	14
39449	39449	692
2445	2445	23,554
165222	165222	1,814
11129	11129	124
1406	1406	13,456
1405	1405	1,649
10149	10149	218
47323	47323	191
9487	9487	1,244
1457	1457	1,275
5142	5142	783
165255	165255	1,106
7888	7888	892
165260	165260	1,018
165261	165261	589
3719	3719	3,818
311098	311098	51
60338	60338	360
165257	165257	2,473
642071	642071	281
899406	899406	143
240842	240842	137
165258	165258	977
4906	4906	26
29322	29322	303
8968	8968	909
839403	839403	35
36547	36547	519
30967	30967	4,139
8275	8275	1,373
286337	286337	188
267150	267150	1,085
65009	65009	154
2238251	2238251	70
52891	52891	209
35281	35281	495
5127	5127	4
165308	165308	2,157
33740	33740	1,584
165354	165354	553
1121736	1121736	50
439467	439467	7
42975	42975	196
222198	222198	40
18304	18304	5
7471	7471	2,183
7275	7275	857
18536	18536	556
1372211	1372211	300
25516	25516	4
52973	52973	32
94313	94313	39
36522	36522	172
11727	11727	2,939
79155	79155	83
23938	23938	9
120679	120679	120
20939	20939	791
56447	56447	190
3114	3114	10,566
3675	3675	6,719
1673	1673	1,646
1673	1673	1,646
12559	12559	127
508181	508181	60
2711666	2711666	207
1362222	1362222	9
76327	76327	839
52730	52730	1,794
165294	165294	1,325
40851	40851	45
1334653	1334653	145
3031319	3031319	397
910237	910237	76
19436	19436	1,623
12180	12180	1,545
2239767	2239767	90
11678	11678	825
2454	2454	1,250
33810	33810	410
26455	26455	299
12011	12011	49
1621591	1621591	21
7117	7117	3,952
165303	165303	877
1028487	1028487	85
3884	3884	913
70099	70099	113
165305	165305	149
5837	5837	233
5837	5837	233
16185	16185	252
8720	8720	463
8704	8704	191
12848	12848	281
47363	47363	34
8572	8572	904
329059	329059	1,432
19640	19640	822
1724969	1724969	7
12181	12181	488
45030	45030	123
2749881	2749881	10
310668	310668	1
60328	60328	76
165326	165326	1,773
416541	416541	248
9369	9369	51
4874	4874	449
237883	237883	18
5572	5572	20
1028	1028	50,399
1006350	1006350	339
45015	45015	121
6618	6618	2,359
5169	5169	1,060
165334	165334	138
1102416	1102416	342
3605	3605	229
165342	165342	6
1831424	1831424	96
2410526	2410526	0
1333049	1333049	11
2024750	2024750	122
904375	904375	102
8144	8144	1,661
165348	165348	472
35266	35266	42
165353	165353	1,443
550974	550974	476
165357	165357	86
165358	165358	1,932
94232	94232	259
130207	130207	661
56470	56470	334
24641	24641	43
1629	1629	1,907
5313	5313	3,323
165368	165368	1,136
25991	25991	137
6148	6148	812
165370	165370	5,055
1109548	1109548	26
45104	45104	311
1109548	1109548	26
45104	45104	311
14513	14513	2,679
2547	2547	366
165374	165374	2,524
4451	4451	3,745
49806	49806	220
165416	165416	2,329
563776	563776	437
2298399	2298399	319
15739	15739	1,422
16092	16092	179
165421	165421	308
4678	4678	1,008
896387	896387	141
49793	49793	107
7795	7795	5,093
7555	7555	396
211857	211857	547
1272782	1272782	0
7970	7970	1,660
13787	13787	384
23929	23929	638
12660	12660	160
20123	20123	484
165499	165499	213
29432	29432	721
4167	4167	26,286
10190	10190	665
253213	253213	652
4430	4430	5,822
4857	4857	7,309
206677	206677	257
10091	10091	2,515
6174	6174	2,056
14514	14514	618
13085	13085	17
355205	355205	181
6564	6564	1,311
316614	316614	168
165586	165586	4,029
56335	56335	214
8654	8654	1,203
1935	1935	1,944
5883	5883	124
837412	837412	8
11541	11541	2,408
18714	18714	133
165381	165381	1,915
165376	165376	328
573695	573695	422
3895	3895	11,873
165380	165380	2,136
737790	737790	155
9213	9213	1,958
36550	36550	523
35165	35165	50
8526	8526	3
1347221	1347221	0
22557	22557	435
6707	6707	1,334
6708	6708	368
30086	30086	1,083
47425	47425	142
105900	105900	14
6413	6413	1,200
26479	26479	1,424
165394	165394	1,566
9062	9062	9,980
14430	14430	4,837
24282	24282	453
9299	9299	24
30977	30977	323
4413	4413	2,487
165400	165400	63
416476	416476	137
1074988	1074988	75
19988	19988	206
4590	4590	1,901
4591	4591	6,941
11869	11869	140
56460	56460	219
222949	222949	4,120
11785	11785	765
665858	665858	665
11499	11499	2,448
124167	124167	364
1117611	1117611	700
40987	40987	1
52723	52723	286
3320	3320	30
1482	1482	6,475
4255	4255	9,667
37759	37759	612
22803	22803	726
165415	165415	3,239
24614	24614	747
19767	19767	1,135
1820223	1820223	226
509046	509046	9
2137	2137	7,859
13082	13082	388
13082	13082	388
165426	165426	1,178
12984	12984	31
165428	165428	1,375
13099	13099	901
3657	3657	19,852
119539	119539	149
1267325	1267325	55
131082	131082	180
1105288	1105288	62
49779	49779	1,534
5755	5755	1,779
5756	5756	3,198
165430	165430	2,748
2068253	2068253	177
17540	17540	399
2846414	2846414	40
2846414	2846414	40
6982	6982	3,062
696563	696563	134
276410	276410	405
165435	165435	124
1026323	1026323	259
10255	10255	2,093
165438	165438	757
8648	8648	469
26460	26460	184
8646	8646	1,503
10714	10714	1,575
495885	495885	320
1431	1431	36,302
1433	1433	834
1432	1432	342
165441	165441	1,887
20552	20552	302
165444	165444	1,464
14984	14984	2,643
14813	14813	120
4562	4562	2,147
4566	4566	191
12951	12951	758
165447	165447	2,222
14512	14512	954
1287367	1287367	71
2446488	2446488	5
165454	165454	8,495
866151	866151	93
4120	4120	235
1075187	1075187	0
1183269	1183269	1
1183269	1183269	1
1185	1185	33,502
15537	15537	1,704
6373	6373	128
1912	1912	975
1090	1090	12,844
1083	1083	401
84103	84103	135
2576548	2576548	4,317
255402	255402	46
13116	13116	18
2410585	2410585	22
23082	23082	765
5928	5928	4,274
37857	37857	473
165469	165469	390
29411	29411	717
15539	15539	1,714
24266	24266	468
21393	21393	952
37854	37854	317
917489	917489	1,123
3251	3251	105
3089716	3089716	0
291119	291119	130
408789	408789	422
4601	4601	705
17105	17105	1,616
165477	165477	978
4134	4134	156
2503	2503	6,575
2504	2504	1,114
5819	5819	409
47266	47266	82
165481	165481	1,149
3406	3406	9,245
76404	76404	646
642219	642219	137
16093	16093	496
8795	8795	2,088
6033	6033	802
29419	29419	698
8571	8571	135
5574	5574	1,993
32767	32767	484
246922	246922	513
540808	540808	643
52758	52758	93
35190	35190	11
205701	205701	627
8885	8885	1,603
4760	4760	226
165508	165508	285
10511	10511	1,558
3296	3296	2,017
1065166	1065166	291
7960	7960	889
29416	29416	743
13658	13658	1,294
22809	22809	75
769362	769362	427
20702	20702	378
37849	37849	363
23084	23084	270
4122	4122	2,104
786399	786399	1
47260	47260	806
19211	19211	250
11036	11036	355
2425	2425	7,434
2425	2425	7,434
25041	25041	1,367
5130	5130	3,958
29424	29424	98
42940	42940	905
42940	42940	905
22321	22321	509
93707	93707	119
18007	18007	751
453769	453769	132
39336	39336	54
464745	464745	37
7451	7451	519
19322	19322	160
45146	45146	443
36596	36596	58
908998	908998	51
165545	165545	1,673
4399	4399	7,592
165547	165547	830
14296	14296	1,063
31710	31710	416
60753	60753	3,251
37952	37952	2,756
26381	26381	72
1116	1116	21,783
368872	368872	292
30050	30050	94
165556	165556	2,621
3496	3496	697
3263	3263	1,984
3264	3264	12,522
2246981	2246981	355
8794	8794	823
8794	8794	823
1119302	1119302	6
689651	689651	79
33640	33640	2,052
15586	15586	1,435
9957	9957	1,583
3920	3920	2,165
22349	22349	2
165570	165570	447
248479	248479	296
1850	1850	45
1852	1852	15,087
11316	11316	342
56738	56738	211
2233035	2233035	223
16670	16670	1,298
2819	2819	743
468160	468160	233
7242	7242	17,280
165596	165596	1,586
1105400	1105400	551
4884	4884	2,711
165597	165597	1,026
612048	612048	73
70950	70950	46
3846	3846	14,620
21503	21503	322
18358	18358	0
4588	4588	1,820
1044	1044	42,706
53053	53053	187
1112593	1112593	605
8276	8276	814
5983	5983	803
1311847	1311847	59
2280908	2280908	0
5419	5419	3,584
52945	52945	872
304020	304020	54
10162	10162	534
8199	8199	5,679
165620	165620	350
2838419	2838419	88
2017	2017	16,915
2105951	2105951	8
121032	121032	157
76959	76959	367
12619	12619	194
28044	28044	397
782275	782275	83
157300	157300	1,043
4727	4727	12,020
2880	2880	1,050
17008	17008	654
225333	225333	44
30889	30889	442
60674	60674	224
39542	39542	1,814
10621	10621	1,048
6288	6288	546
3000195	3000195	21
4057	4057	7,557
1638	1638	6,565
56643	56643	70
56643	56643	70
1583653	1583653	27
1800	1800	2,907
29372	29372	359
165697	165697	4,227
165733	165733	1,307
958103	958103	81
22118	22118	155
165749	165749	1,977
24666	24666	684
85222	85222	45
56714	56714	49
129149	129149	16
85231	85231	116
2730	2730	11,703
2729	2729	203
10736	10736	114
165786	165786	1,947
13624	13624	656
5816	5816	2,932
121929	121929	323
107113	107113	24
5234	5234	4,243
5958	5958	493
3428	3428	7,170
6799	6799	249
60795	60795	153
165646	165646	440
35294	35294	29
2758549	2758549	128
47585	47585	246
38044	38044	443
4688	4688	6,963
165648	165648	375
165653	165653	307
165656	165656	2,036
2327	2327	4,910
70888	70888	592
39624	39624	430
2274461	2274461	267
14361	14361	69
70858	70858	190
33628	33628	425
2056	2056	21
21274	21274	65
4207	4207	7,711
339283	339283	111
20209	20209	645
1505	1505	25,703
4968	4968	806
9956	9956	1,713
286400	286400	100
165684	165684	706
3098	3098	2,190
60452	60452	6
165686	165686	2,363
3545	3545	2,651
12760	12760	3,837
166147	166147	1,300
30024	30024	213
5842	5842	334
18891	18891	830
6780	6780	26
4945	4945	1,472
24309	24309	45
56646	56646	1,175
19251	19251	2,501
19498	19498	420
13476	13476	2,196
4224	4224	12,230
7518	7518	3,093
4586	4586	2,381
15841	15841	2,441
77105	77105	1,402
248599	248599	723
15945	15945	964
106901	106901	343
157334	157334	1,070
77191	77191	765
17990	17990	91
10778	10778	2,440
27423	27423	2,930
315817	315817	5,874
165716	165716	689
33648	33648	309
252526	252526	713
165723	165723	89
4350	4350	1,818
6567	6567	468
165725	165725	1,918
20138	20138	378
1248664	1248664	380
165730	165730	1,148
5904	5904	859
5900	5900	437
9134	9134	1,467
33636	33636	785
4400	4400	93
5183	5183	212
299938	299938	197
11685	11685	1,535
165735	165735	680
77396	77396	186
5204	5204	1,178
3656	3656	255
21414	21414	156
11069	11069	116
6913	6913	9,390
7796	7796	1,928
15726	15726	2,116
1416445	1416445	103
36514	36514	212
2716470	2716470	12
76897	76897	70
2716470	2716470	12
1681	1681	7,680
6983	6983	2,294
6983	6983	2,294
165757	165757	67
147342	147342	135
31796	31796	60
1602	1602	7,119
165762	165762	4,751
9493	9493	4,590
25077	25077	704
56413	56413	247
6684	6684	449
2498	2498	7,250
3959	3959	10,140
26363	26363	23
165765	165765	945
1244829	1244829	21
862609	862609	0
906205	906205	60
232888	232888	82
203053	203053	450
3698	3698	597
3699	3699	116
50076	50076	262
151315	151315	75
9809	9809	50
47516	47516	159
8145	8145	1,068
56657	56657	135
1596706	1596706	61
1024936	1024936	118
77107	77107	265
7032	7032	7,110
121618	121618	73
70711	70711	718
409050	409050	1,335
37960	37960	45
106847	106847	931
121658	121658	197
165777	165777	3,636
366760	366760	18
165795	165795	284
87155	87155	360
12826	12826	4,294
13383	13383	349
871727	871727	545
430461	430461	235
6378	6378	1,300
5415	5415	533
25891	25891	564
21496	21496	1,299
2669826	2669826	28
2000382	2000382	83
1799941	1799941	40
7782	7782	955
4455	4455	768
4456	4456	1,537
4453	4453	5,215
4454	4454	863
266790	266790	1,051
10128	10128	904
162892	162892	1,039
162892	162892	1,039
1162545	1162545	363
17702	17702	377
4151	4151	298
4784	4784	122
1614	1614	21,582
1115	1115	13,174
1491	1491	6,135
35298	35298	734
10755	10755	1,916
157357	157357	7,391
11543	11543	451
792142	792142	307
2011619	2011619	6
60601	60601	293
4826	4826	1,649
631837	631837	67
631837	631837	67
2760964	2760964	2
1972	1972	811
4126	4126	1,693
43312	43312	175
8950	8950	2,254
12346	12346	160
4592	4592	1,325
60859	60859	278
1489752	1489752	26
22123	22123	593
1045032	1045032	640
364675	364675	220
647327	647327	171
24645	24645	248
5764	5764	435
5758	5758	1,749
5759	5759	123
5761	5761	122
3916	3916	5,202
2354392	2354392	0
30873	30873	35
2047753	2047753	1
3020	3020	28
15591	15591	138
7851	7851	2,056
751935	751935	226
1618	1618	1,269
786286	786286	26
30127	30127	290
2912	2912	6,143
5090	5090	540
415486	415486	38
16444	16444	783
628752	628752	203
7786	7786	1,212
1482823	1482823	10
2404943	2404943	33
5782	5782	637
3931	3931	2,789
21884	21884	354
6294	6294	1,985
3498	3498	16,506
2802	2802	2,770
45068	45068	1,248
11985	11985	785
2983	2983	96
157315	157315	7,134
242441	242441	70
23336	23336	830
157345	157345	2,872
10307	10307	2,758
50023	50023	2
27114	27114	869
121082	121082	321
31804	31804	179
2330544	2330544	1,057
4251	4251	2,468
47449	47449	774
106472	106472	549
5170	5170	629
5173	5173	380
12016	12016	37
4374	4374	2,776
1642	1642	9,081
920971	920971	74
6557	6557	305
2232	2232	35
70477	70477	492
15749	15749	160
94541	94541	46
2138534	2138534	22
9063	9063	46
11221	11221	18
3237	3237	2,706
165863	165863	776
1146598	1146598	0
1046530	1046530	6
305287	305287	1,024
2368	2368	484
1468	1468	15,109
2329	2329	6,908
165873	165873	4,483
29355	29355	750
4505	4505	2,884
17995	17995	1,333
5494	5494	193
20734	20734	1,128
121174	121174	1
106454	106454	88
2136788	2136788	32
165877	165877	970
6881	6881	4
9385	9385	2,531
14484	14484	936
165888	165888	2,045
32594	32594	238
30015	30015	1,046
2868	2868	5,931
7663	7663	2,070
14485	14485	541
28631	28631	32
70572	70572	25
1944	1944	28,808
1942	1942	4,141
31697	31697	268
5020	5020	137
5382	5382	5,384
77051	77051	389
37973	37973	77
165908	165908	5,340
744442	744442	595
14749	14749	1,467
17250	17250	1,208
16801	16801	122
165918	165918	2,493
106671	106671	111
10926	10926	379
9363	9363	16
65149	65149	509
147665	147665	191
12701	12701	531
15128	15128	59
165921	165921	732
6814	6814	5,361
1744006	1744006	137
165876	165876	3,401
14436	14436	1,097
45156	45156	155
147574	147574	803
2558239	2558239	12
214648	214648	91
9103	9103	4,474
1271	1271	16,060
1272	1272	646
3034	3034	2,193
56945	56945	940
165944	165944	9,685
679664	679664	2,014
678151	678151	131
441104	441104	278
5541	5541	3,327
8749	8749	681
9914	9914	2,402
6050	6050	838
12628	12628	756
165949	165949	1,252
18000	18000	15
564726	564726	61
1215670	1215670	81
1043	1043	13,803
157241	157241	11,395
3435	3435	2,525
19063	19063	64
8658	8658	170
165965	165965	2,199
15426	15426	206
165967	165967	0
1162405	1162405	518
233432	233432	64
13626	13626	55
1116153	1116153	0
45316	45316	198
6469	6469	5,093
28576	28576	668
36730	36730	452
165971	165971	728
492307	492307	1,357
435456	435456	43
165973	165973	605
13010	13010	630
95834	95834	370
165978	165978	2,659
165976	165976	1,173
27341	27341	342
108183	108183	541
13038	13038	1,874
85997	85997	358
10951	10951	1,218
3095	3095	2,098
343066	343066	269
13386	13386	1,443
12101	12101	3,347
330999	330999	3
165998	165998	1,159
166000	166000	2,522
165914	165914	1,419
13913	13913	115
53452	53452	186
1101054	1101054	489
4789	4789	3,105
45498	45498	436
45498	45498	436
16806	16806	548
32478	32478	412
123646	123646	969
11659	11659	420
155976	155976	1,754
4444	4444	617
166018	166018	2,277
419641	419641	1,635
166023	166023	1
385309	385309	78
3402	3402	18,838
166030	166030	561
18600	18600	42
2829	2829	749
2306	2306	157
1442357	1442357	24
240767	240767	2,459
166039	166039	575
291236	291236	338
2674	2674	636
85516	85516	92
60829	60829	36
1825422	1825422	1,046
222072	222072	234
6782	6782	592
21418	21418	161
20723	20723	800
7638	7638	617
7277	7277	2,947
27333	27333	607
1253	1253	2,766
3039	3039	2,237
1256	1256	4,114
32564	32564	50
166056	166056	932
256114	256114	68
21273	21273	453
11434	11434	369
21192	21192	2,328
148890	148890	282
32568	32568	1,026
2295646	2295646	1,327
5095	5095	5,267
19205	19205	127
2411414	2411414	66
6821	6821	5,712
95869	95869	254
4599	4599	15,167
22133	22133	959
29183	29183	1,697
5705	5705	5,744
522878	522878	165
30846	30846	1,968
166075	166075	397
108171	108171	227
43278	43278	2,017
71237	71237	284
166079	166079	1,224
128028	128028	9
86010	86010	388
377825	377825	48
18896	18896	204
27346	27346	355
4064	4064	1,445
5243	5243	175
8085	8085	18
7127	7127	1,157
9218	9218	7,001
71339	71339	229
2423445	2423445	58
542633	542633	120
157317	157317	861
10152	10152	193
53454	53454	317
4692	4692	1,030
15504	15504	1,356
19555	19555	643
5892	5892	4,007
203900	203900	1
7051	7051	458
1106	1106	35,103
4345	4345	7,587
61139	61139	73
10060	10060	419
166125	166125	1,233
10606	10606	195
3062	3062	3,104
3062	3062	3,105
3551	3551	163
166126	166126	33
668844	668844	520
9841	9841	1,036
27432	27432	356
384375	384375	21
1740351	1740351	3
107484	107484	94
884316	884316	4,078
166128	166128	1,581
3019	3019	16,372
122362	122362	109
2271	2271	36,350
441232	441232	5
3035	3035	8,594
2381	2381	48,485
20965	20965	371
1767	1767	14,341
1769	1769	358
166138	166138	1,802
27172	27172	1,503
16760	16760	326
22582	22582	421
166152	166152	2,012
319091	319091	665
166153	166153	2,788
166154	166154	1,675
340643	340643	176
13719	13719	660
15798	15798	1,790
16682	16682	539
16684	16684	2,493
21900	21900	385
19232	19232	811
18115	18115	26
27334	27334	813
22740	22740	883
5639	5639	536
5647	5647	3,906
10194	10194	2,921
1790670	1790670	238
13176	13176	1,311
108106	108106	297
4902	4902	79
1646549	1646549	50
415728	415728	469
6919	6919	579
5002	5002	469
14675	14675	379
11790	11790	1,644
4372	4372	1,297
3282	3282	10,375
1072089	1072089	107
166184	166184	424
8093	8093	13,223
47867	47867	262
166189	166189	1,063
41453	41453	29
41448	41448	613
1062	1062	6,102
286274	286274	1,204
416182	416182	318
21520	21520	835
1872	1872	4,020
78114	78114	333
11576	11576	1,003
2692	2692	14,841
2693	2693	3,471
166195	166195	2,088
7866	7866	481
30751	30751	158
7612	7612	2,140
1356028	1356028	1,857
166202	166202	409
7291	7291	4,798
29276	29276	76
386610	386610	55
18685	18685	173
2536405	2536405	1
43158	43158	863
32650	32650	278
1166007	1166007	64
988764	988764	166
24985	24985	546
35391	35391	126
53269	53269	126
641580	641580	20
311841	311841	984
22577	22577	1,585
165964	165964	1,029
10062	10062	11
7205	7205	485
53414	53414	344
18176	18176	2,758
1227813	1227813	309
1617408	1617408	25
3845	3845	2,463
15717	15717	53
4602	4602	2,117
85859	85859	70
1231	1231	11,372
29984	29984	203
6966	6966	326
166221	166221	302
47687	47687	650
9435	9435	438
41385	41385	110
8547	8547	623
17818	17818	4
11247	11247	654
43295	43295	132
3998	3998	3,360
38194	38194	32
2457	2457	3,632
19180	19180	1,196
1722931	1722931	177
1791830	1791830	180
21903	21903	154
166224	166224	2,887
5343	5343	9,261
5342	5342	2,547
1392	1392	22,356
57106	57106	370
157329	157329	4,183
77882	77882	127
166241	166241	117
13042	13042	39
71228	71228	258
214455	214455	692
6930	6930	2,916
50506	50506	235
71322	71322	4
2775	2775	16,411
3388	3388	4,408
61509	61509	141
5902	5902	1,306
2059	2059	6,065
14833	14833	661
1058691	1058691	148
444501	444501	13
241431	241431	81
65808	65808	671
13457	13457	3,380
220114	220114	278
502577	502577	73
3420	3420	1,725
9159	9159	199
38156	38156	964
23560	23560	430
5122	5122	5,289
5121	5121	7,592
2318	2318	549
762979	762979	284
1818	1818	1,234
1269536	1269536	4
17460	17460	468
57384	57384	254
18808	18808	403
3745	3745	3,989
166521	166521	2,760
3531	3531	459
7150	7150	1,046
20488	20488	577
22592	22592	419
5280	5280	216
166548	166548	3
166550	166550	566
4148	4148	1,010
206993	206993	1,264
15672	15672	126
3407	3407	7,603
27981	27981	265
10205	10205	223
5482	5482	4,640
8294	8294	2,741
14832	14832	581
39596	39596	367
1100792	1100792	237
11341	11341	926
1512	1512	70,029
11248	11248	266
13778	13778	219
1539594	1539594	0
1353	1353	18,288
166262	166262	78
10686	10686	49
8619	8619	947
8619	8619	947
12764	12764	798
166276	166276	1,474
19087	19087	2,452
2699	2699	2,130
2456959	2456959	143
1141	1141	2,793
5124	5124	2,793
65583	65583	3
4076	4076	586
14835	14835	260
3241	3241	2,013
4222	4222	2,353
200342	200342	1
13721	13721	590
163333	163333	37
10007	10007	284
1379764	1379764	155
1379764	1379764	155
1001	1001	1,660
8366	8366	832
8364	8364	1,151
5211	5211	1,998
1462404	1462404	7
451655	451655	312
489920	489920	625
269797	269797	60
2856	2856	1,239
591527	591527	76
21111	21111	28
6021	6021	926
27440	27440	690
25452	25452	279
5315	5315	5,256
11749	11749	1,002
166331	166331	1,923
5848	5848	7,075
13358	13358	73
1466	1466	3,982
2931	2931	1,806
7255	7255	2,002
11092	11092	1,943
71085	71085	38
2711814	2711814	65
10448	10448	2,701
10372	10372	177
6492	6492	3,421
36785	36785	40
606011	606011	17
5239	5239	4,295
166336	166336	738
2950	2950	2,047
7133	7133	11
7952	7952	6,924
1397	1397	12,148
20139	20139	896
2232249	2232249	97
2530630	2530630	26
3335	3335	2,003
3339	3339	834
166346	166346	2,169
53348	53348	775
494851	494851	43
478038	478038	57
7834	7834	1,391
8797	8797	160
1784	1784	3,494
33588	33588	2,060
573243	573243	280
7378	7378	997
15958	15958	4,444
7955	7955	1,060
4711	4711	6,567
166360	166360	2,991
1694	1694	22,381
13671	13671	606
38113	38113	1,134
18062	18062	1,646
85738	85738	60
21702	21702	486
1267954	1267954	103
2562	2562	14,116
167254	167254	783
166368	166368	308
1756486	1756486	20
4059	4059	4,580
47738	47738	1,145
241199	241199	73
3915	3915	6,767
38101	38101	452
22364	22364	632
17351	17351	600
5392	5392	3,100
2467	2467	14,130
166377	166377	3,297
1534	1534	53,446
1551117	1551117	427
39111	39111	584
11007	11007	1,848
1629219	1629219	571
2253	2253	1,795
979094	979094	7
3123	3123	1,663
8017	8017	2,339
19248	19248	480
9800	9800	1,468
209610	209610	1,293
11249	11249	756
17950	17950	924
109086	109086	412
4236	4236	3,537
4667	4667	979
109161	109161	77
267627	267627	536
28508	28508	305
78488	78488	188
24507	24507	458
3720	3720	2,738
214203	214203	5,470
10129	10129	210
35490	35490	278
6015	6015	399
6016	6016	2,143
109321	109321	122
5573	5573	2,571
20232	20232	436
7641	7641	3,135
8419	8419	1,516
48050	48050	407
166419	166419	4,709
800605	800605	235
9464	9464	1,638
166421	166421	1,434
2282	2282	1,517
1292	1292	18,916
166423	166423	2,112
402283	402283	26
12624	12624	876
407810	407810	61
45666	45666	83
3081	3081	11,512
166429	166429	516
1775866	1775866	528
8420	8420	1,490
166435	166435	141
96968	96968	466
1172	1172	810
1400	1400	19,450
1217708	1217708	102
166437	166437	697
66323	66323	308
166454	166454	714
5097	5097	1,163
17708	17708	17
65967	65967	265
166448	166448	3,468
30755	30755	959
6017	6017	882
1746	1746	3,157
2031	2031	20,510
1000	1000	1,730
3449	3449	10
493688	493688	327
1086753	1086753	65
166471	166471	2,423
166474	166474	270
14611	14611	1,135
5826	5826	1,690
1061469	1061469	105
1251414	1251414	89
1675576	1675576	84
71716	71716	143
17826	17826	353
2189626	2189626	394
36749	36749	601
22064	22064	81
15677	15677	2,834
149917	149917	861
45614	45614	782
29119	29119	263
2037084	2037084	16
2037084	2037084	16
86659	86659	30
3965	3965	6,411
53729	53729	322
2109	2109	8,536
4990	4990	6,260
15434	15434	2,412
43512	43512	413
11823	11823	6,047
12196	12196	358
23276	23276	80
17465	17465	185
2320	2320	829
15725	15725	158
5125	5125	6,084
7410	7410	1,214
4310	4310	2,227
8210	8210	3,145
15678	15678	504
2929	2929	202
3088	3088	20,982
2112	2112	653
1140750	1140750	475
24171	24171	234
124802	124802	153
38280	38280	689
4312	4312	676
1136382	1136382	6
9438	9438	1,972
166502	166502	1,582
166418	166418	2,047
1560936	1560936	69
13178	13178	37
27258	27258	65
200273	200273	83
5160	5160	1,918
696485	696485	40
14947	14947	1,187
15027	15027	968
167780	167780	73
15174	15174	1,597
50454	50454	1,796
11009	11009	47
367241	367241	71
43364	43364	290
86233	86233	116
2909139	2909139	91
36687	36687	17
96254	96254	846
1237738	1237738	595
247483	247483	311
277498	277498	0
167785	167785	823
1765601	1765601	261
13048	13048	653
35427	35427	1,105
21523	21523	668
564181	564181	89
22141	22141	617
24586	24586	1,225
332077	332077	77
26349	26349	176
1505953	1505953	266
166537	166537	3,347
5772	5772	5,176
24237	24237	1,358
71710	71710	174
35512	35512	32
2058	2058	2,534
2051	2051	573
2645022	2645022	2,404
9505	9505	1,715
124342	124342	180
124342	124342	180
166551	166551	7,034
7483	7483	4,209
2532	2532	30,542
4729	4729	5,370
326137	326137	145
1214	1214	14,535
2517	2517	15,864
26195	26195	1,888
18563	18563	959
2130578	2130578	133
2640672	2640672	62
126933	126933	160
2291796	2291796	7
66126	66126	399
11595	11595	4,719
1189394	1189394	796
36817	36817	251
4721	4721	3,146
166572	166572	5,141
6565	6565	2,176
1270133	1270133	33
166708	166708	2,102
1523	1523	54,711
1524	1524	5,293
4284	4284	17,979
3797	3797	12,569
126860	126860	159
166714	166714	9,423
166724	166724	454
5502	5502	1,897
61417	61417	560
4501	4501	13,610
2669459	2669459	3,543
23030	23030	886
213163	213163	1,403
2528	2528	617
640874	640874	162
12421	12421	126
718124	718124	26
12109	12109	224
43485	43485	13
17603	17603	2,107
14140	14140	3,001
17226	17226	2,272
1248	1248	5,989
4375	4375	8,220
3738	3738	138
5992	5992	9,966
2380	2380	25,995
15439	15439	421
612636	612636	291
30695	30695	717
2560075	2560075	31
2514238	2514238	11
71890	71890	483
27837	27837	1,571
166605	166605	238
6783	6783	4,442
2039	2039	62,254
7294	7294	1,589
29827	29827	1,028
2426	2426	4,466
30703	30703	509
166609	166609	811
1720	1720	53,531
166610	166610	360
17467	17467	139
10294	10294	232
443843	443843	109
166611	166611	1,118
20738	20738	937
124997	124997	111
3007	3007	1,982
78718	78718	38
9124	9124	1,733
5846	5846	2,712
18385	18385	121
9375	9375	3,076
13302	13302	2,127
17787	17787	30
19944	19944	1,126
8706	8706	4,253
45630	45630	361
166707	166707	5,804
572596	572596	0
66045	66045	182
8280	8280	3,435
495083	495083	35
550065	550065	101
483845	483845	34
78504	78504	318
156228	156228	425
12670	12670	48
1359639	1359639	1,072
35504	35504	1,083
2225	2225	1,234
4670	4670	1,706
10198	10198	41
57419	57419	62
2988	2988	7,643
54401	54401	289
2705380	2705380	2
221407	221407	148
166853	166853	1,866
688991	688991	87
7917	7917	3,505
5856	5856	2,581
163306	163306	129
2669	2669	733
252536	252536	4,526
311986	311986	605
19268	19268	540
2370348	2370348	9
3066691	3066691	81
166753	166753	1,202
41572	41572	16
166754	166754	36
10721	10721	1,379
8433	8433	2,016
2272203	2272203	1
166759	166759	877
8056	8056	1,720
13922	13922	312
5486	5486	8
15039	15039	81
349542	349542	634
3184	3184	9,960
21534	21534	715
166767	166767	1,245
5628	5628	2,870
10297	10297	563
296198	296198	203
43476	43476	273
39840	39840	761
820971	820971	1
236413	236413	410
166777	166777	632
2043518	2043518	10
57449	57449	170
508963	508963	1,212
7735	7735	619
5005	5005	1,172
1103	1103	43,684
1094	1094	17,069
2696	2696	47,587
6866	6866	1,497
166792	166792	758
8347	8347	137
123770	123770	99
166813	166813	3,783
5770	5770	2,154
1884	1884	5,868
43345	43345	129
5771	5771	5
15194	15194	517
9942	9942	429
2251	2251	10,773
167810	167810	225
61207	61207	270
29906	29906	312
2659752	2659752	113
57217	57217	338
8492	8492	54
19612	19612	1,435
1409042	1409042	131
45444	45444	177
430219	430219	197
200666	200666	7
1689316	1689316	85
5140	5140	719
2190	2190	4,876
7449	7449	717
1116890	1116890	125
1193	1193	800
2865	2865	1,759
6823	6823	19
53591	53591	231
166821	166821	2,461
7790	7790	51
932196	932196	30
4113	4113	87
995654	995654	0
38231	38231	363
3200	3200	2,062
18818	18818	109
2096	2096	805
2094	2094	1,158
166841	166841	762
10737	10737	1,928
2041529	2041529	2
35541	35541	191
2326555	2326555	124
166858	166858	125
4593	4593	3,626
2986071	2986071	4
2144956	2144956	0
24594	24594	142
1390061	1390061	12
11758	11758	3,104
82058	82058	190
11637	11637	770
3040629	3040629	56
8168	8168	9
6067	6067	1,214
2417488	2417488	0
5464	5464	122
57303	57303	428
8236	8236	378
2599361	2599361	764
166979	166979	1,408
66028	66028	19
406639	406639	686
2868774	2868774	11
6456	6456	1,691
17473	17473	2,770
3589	3589	48,428
2727	2727	15
2646	2646	118,893
4192	4192	4,662
1294	1294	1,057
166865	166865	13,649
86421	86421	153
8192	8192	358
2470	2470	4,505
4781	4781	1,247
2632184	2632184	67
483759	483759	863
15009	15009	570
1528519	1528519	86
19742	19742	529
66006	66006	837
35535	35535	362
204770	204770	10,588
312259	312259	335
166878	166878	264
709414	709414	162
166880	166880	1,519
61271	61271	58
1092446	1092446	32
1536567	1536567	2
407233	407233	0
321986	321986	529
22284	22284	408
16901	16901	61
166885	166885	619
10765	10765	1,649
219483	219483	46
166897	166897	7,391
334326	334326	9
5252	5252	651
10522	10522	1,861
124151	124151	334
127183	127183	291
166905	166905	7,579
7428	7428	4,576
27379	27379	340
7354	7354	3,644
2619	2619	16,191
166910	166910	1,837
233789	233789	244
1235	1235	131,341
1409	1409	11,387
1237	1237	14,617
1002745	1002745	2,561
378362	378362	398
305652	305652	34
12586	12586	1,998
20844	20844	666
24503	24503	159
19175	19175	169
166915	166915	1,098
19784	19784	894
19712	19712	581
15442	15442	927
11099	11099	2,292
9943	9943	63
15175	15175	25
108886	108886	30
1025627	1025627	178
1987340	1987340	116
2019	2019	2,231
13013	13013	235
1471	1471	386
166920	166920	1,608
14687	14687	1,322
4494	4494	4,075
108959	108959	249
22286	22286	15
2551	2551	6,850
1300516	1300516	31
1299649	1299649	46
23019	23019	2,528
5129	5129	103
573313	573313	417
18295	18295	1,225
157353	157353	15,724
1620	1620	248
6971	6971	169
61367	61367	811
166939	166939	1,084
166939	166939	1,084
23883	23883	276
23883	23883	276
109697	109697	34
50711	50711	3,178
4391	4391	3
166942	166942	1,456
22302	22302	525
4123	4123	4,369
3994	3994	5,657
3993	3993	442
385678	385678	19
744391	744391	183
18298	18298	329
166946	166946	383
12709	12709	7,431
78887	78887	355
61631	61631	566
215383	215383	639
823942	823942	60
2105825	2105825	364
166956	166956	550
7938	7938	131
14561	14561	1,269
7425	7425	1,944
1185420	1185420	198
13647	13647	782
38342	38342	66
78911	78911	173
260387	260387	1,107
6677	6677	3,855
416337	416337	299
12842	12842	753
12843	12843	261
921795	921795	1
23907	23907	876
4283	4283	1,778
6644	6644	0
45708	45708	1,301
2120	2120	3,918
2122	2122	2,724
323780	323780	364
6165	6165	1,769
35554	35554	1
2919	2919	3,505
8516	8516	668
20081	20081	1,909
35551	35551	73
7396	7396	5,819
1373	1373	27,615
3543	3543	1,742
13308	13308	199
4404	4404	104
57579	57579	3
666857	666857	1
2372885	2372885	925
201844	201844	45
564761	564761	528
165753	165753	3,569
1288	1288	7,534
237925	237925	627
31517	31517	2,446
167011	167011	101
3409	3409	1,763
3408	3408	172
13727	13727	1,704
167020	167020	2,758
167022	167022	31
530962	530962	1,081
167024	167024	1,226
326667	326667	612
25865	25865	1
71169	71169	705
22301	22301	85
53848	53848	2
4469	4469	312
13990	13990	904
7243	7243	75
6440	6440	3,377
6184	6184	1,586
6186	6186	1,735
6185	6185	333
125165	125165	55
2428252	2428252	206
6048	6048	116
30723	30723	1,039
2459	2459	5,477
363210	363210	8
5448	5448	71
3748	3748	2,119
157242	157242	1,420
8710	8710	2,190
16753	16753	1,213
7360	7360	706
164075	164075	2,292
1481	1481	9,431
308781	308781	10
15518	15518	39
7552	7552	2
4967	4967	289
16002	16002	221
321360	321360	5
429833	429833	78
13068	13068	486
10908	10908	41
1189082	1189082	23
39912	39912	260
889841	889841	886
36881	36881	26
2229436	2229436	2,250
2229436	2229436	2,250
9860	9860	610
11934	11934	620
7553	7553	386
3688	3688	21,944
2228740	2228740	1
719005	719005	5
29160	29160	985
39939	39939	503
31832	31832	1,804
23901	23901	207
27851	27851	882
21730	21730	163
43559	43559	1,649
3185	3185	7,869
45732	45732	80
45733	45733	61
4403	4403	3,244
454027	454027	227
2462	2462	900
3245	3245	2,877
1448014	1448014	18
704813	704813	1,285
