32889	32889	195
164581	164581	1,673
19680	19680	107
2219	2219	7,679
482285	482285	8
15787	15787	623
2722	2722	3,295
132784	132784	29
2264103	2264103	28
1079	1079	19,856
11122	11122	64
103779	103779	215
164571	164571	676
1550	1550	72,885
1036298	1036298	29
17629	17629	1,137
17630	17630	433
15697	15697	995
7031	7031	6,490
338135	338135	4,418
263571	263571	938
92423	92423	309
3110381	3110381	3
300491	300491	46
2799530	2799530	64
1122744	1122744	1,285
1319584	1319584	134
4429	4429	846
3922	3922	7,297
2308	2308	439
2307	2307	4,607
8621	8621	884
164586	164586	390
8622	8622	217
9970	9970	358
164590	164590	2,014
10829	10829	895
7670	7670	188
12652	12652	225
36223	36223	59
75160	75160	929
22635	22635	1,495
3252	3252	7,973
3255	3255	1,734
8512	8512	207
19133	19133	373
18186	18186	515
30273	30273	257
32071	32071	531
102837	102837	296
25670	25670	0
3076	3076	3,243
1014636	1014636	306
9585	9585	5,920
55453	55453	202
3439	3439	8,715
34927	34927	589
11169	11169	4,566
7616	7616	9,720
15547	15547	2,163
164605	164605	382
12942	12942	5
1975533	1975533	35
52097	52097	499
164610	164610	100
12072	12072	577
604043	604043	219
5732	5732	2,662
40755	40755	860
55571	55571	107
34924	34924	505
13601	13601	14
28810	28810	290
16712	16712	166
1943	1943	9,119
144237	144237	672
164615	164615	12
25217	25217	811
164618	164618	919
12607	12607	312
19053	19053	221
1025266	1025266	102
5749	5749	20,775
5670	5670	3,908
1288025	1288025	151
601522	601522	188
4830	4830	4,675
28807	28807	57
164627	164627	251
42555	42555	104
55555	55555	245
10585	10585	23
3741	3741	1,385
20182	20182	227
2732394	2732394	5,313
16948	16948	15
22409	22409	340
4914	4914	24,584
3059	3059	3,286
4536	4536	2,052
164645	164645	254
75216	75216	564
116906	116906	391
1662	1662	5,475
1662	1662	5,475
2810	2810	15,767
7633	7633	2,086
15305	15305	5,873
8916	8916	62
6238	6238	201
3724	3724	1,037
3503	3503	2,339
82640	82640	968
1210593	1210593	1,188
469513	469513	723
68924	68924	2,496
1871618	1871618	150
1479421	1479421	27
1479421	1479421	27
5294	5294	5,319
207964	207964	444
259977	259977	11
326093	326093	81
164778	164778	2,750
216631	216631	532
496167	496167	53
164788	164788	652
33962	33962	200
25544	25544	121
12250	12250	1,199
1428963	1428963	389
1174	1174	1,007
75307	75307	32
12251	12251	229
164663	164663	78
8703	8703	286
164664	164664	8,340
2507112	2507112	200
9027	9027	3,348
1789632	1789632	14
42537	42537	525
31961	31961	181
3475	3475	1,563
69033	69033	309
397638	397638	209
5107	5107	3,166
10365	10365	1,868
75295	75295	45
586877	586877	18
7935	7935	2,927
144445	144445	157
69017	69017	142
6291	6291	739
1442399	1442399	4
91869	91869	8
17676	17676	1,160
164678	164678	2,239
19727	19727	298
1076974	1076974	238
394551	394551	30
91959	91959	139
16389	16389	1,009
75356	75356	114
6994	6994	452
22185	22185	89
4994	4994	4,228
31159	31159	45
4757	4757	918
2646803	2646803	8
117045	117045	178
3701	3701	2,469
20185	20185	336
16599	16599	14
5232	5232	1,445
480118	480118	33
11275	11275	1,588
731629	731629	753
1465	1465	2,786
164708	164708	304
347020	347020	1,753
164711	164711	2,732
7614	7614	1,977
36192	36192	235
26970	26970	1,037
91912	91912	78
69585	69585	65
1625	1625	8,140
3137	3137	3,078
12518	12518	985
6559	6559	11
75892	75892	44
2206	2206	9,133
2980	2980	3,229
154077	154077	248
255711	255711	133
2701	2701	26,199
551206	551206	1,030
19823	19823	352
15788	15788	4,678
11057	11057	294
164731	164731	709
2861	2861	4,771
8034	8034	7,318
52488	52488	2,066
1203	1203	703
16206	16206	273
21582	21582	309
164732	164732	506
131811	131811	159
131817	131817	217
20915	20915	400
2250	2250	4,215
438302	438302	46
39204	39204	322
18190	18190	884
10281	10281	1,072
4307	4307	5,398
639215	639215	8
11059	11059	2,388
18189	18189	793
3122	3122	20
118763	118763	204
164740	164740	1,126
8525	8525	414
1337	1337	4,545
83708	83708	547
2486	2486	311
920640	920640	2
37685	37685	581
15700	15700	284
47148	47148	242
318858	318858	1,179
7173	7173	160
11624	11624	387
6593	6593	3,306
164748	164748	454
8154	8154	28
83765	83765	170
1319	1319	65,093
7542	7542	3,130
16950	16950	254
14709	14709	1,716
37788	37788	376
4328	4328	992
7462	7462	1,963
11079	11079	1,669
9082	9082	2,248
35108	35108	852
7177	7177	519
5790	5790	1,297
204367	204367	488
164771	164771	7,014
4128	4128	48,969
41004	41004	1,129
6327	6327	35
3815	3815	778
20700	20700	1,205
282043	282043	461
64581	64581	621
11124	11124	300
14089	14089	462
1132572	1132572	3
2327858	2327858	375
59669	59669	276
5667	5667	4,469
6628	6628	2
164798	164798	8,454
210781	210781	18
20190	20190	613
59781	59781	193
164881	164881	3,595
118131	118131	4
10008	10008	1,109
2965109	2965109	131
11971	11971	237
1291087	1291087	200
92911	92911	145
19688	19688	1,321
2152720	2152720	24
1424742	1424742	2
16087	16087	477
2077	2077	84
69419	69419	63
5318	5318	1,526
1075291	1075291	3,169
164979	164979	1,622
9307	9307	63
1328264	1328264	31
8414	8414	80
5884	5884	825
6591	6591	735
24034	24034	2,309
6489	6489	359
1622771	1622771	42
1622771	1622771	42
6387	6387	824
3571	3571	19
19201	19201	73
214560	214560	734
18098	18098	1,017
35133	35133	619
131648	131648	356
5040	5040	264
55981	55981	297
15929	15929	935
2092	2092	738
104717	104717	247
104791	104791	154
2300	2300	43,342
558151	558151	303
14288	14288	255
2322	2322	910
5439	5439	571
5438	5438	3,272
40912	40912	678
6084	6084	115
164815	164815	105
19305	19305	105
2827163	2827163	64
131493	131493	76
27037	27037	385
20453	20453	23
559815	559815	383
41020	41020	316
207989	207989	22
3192	3192	2,006
5461	5461	5,240
1788720	1788720	197
52615	52615	275
104957	104957	50
4376	4376	1,118
164835	164835	3,561
1799	1799	6,931
5813	5813	53
83187	83187	133
1282941	1282941	39
6631	6631	3,047
13856	13856	3,922
27556	27556	540
8068	8068	396
6346	6346	2,693
214480	214480	338
118585	118585	318
21987	21987	690
92888	92888	43
2571342	2571342	13
13651	13651	186
2311	2311	24,870
6859	6859	3,018
1544	1544	3,402
1874	1874	6,411
1096648	1096648	2,421
8389	8389	130
7141	7141	582
164860	164860	1,077
3772	3772	2,897
22534	22534	573
15551	15551	985
120240	120240	1,293
992433	992433	866
8792	8792	1,105
8791	8791	869
404049	404049	110
16778	16778	685
3631	3631	8,140
104644	104644	61
164870	164870	339
18523	18523	1,079
3015	3015	4,564
3013	3013	221
83722	83722	2
32831	32831	368
4463	4463	63
1748427	1748427	654
26058	26058	581
2876	2876	764
60049	60049	618
11212	11212	102
240639	240639	8
11213	11213	237
11211	11211	379
3214	3214	2,959
769477	769477	201
23420	23420	686
55970	55970	95
164876	164876	1,817
644201	644201	99
52668	52668	169
47129	47129	221
83785	83785	1
164880	164880	7,696
4801	4801	3,570
294694	294694	3
357477	357477	0
3466	3466	482
2294	2294	180
2297	2297	36
2550	2550	213
1045108	1045108	23
2336	2336	3,553
7849	7849	895
164888	164888	1,595
7601	7601	802
2677	2677	39,306
3743	3743	7,860
2935	2935	450
2934	2934	3,284
2933	2933	2,658
32849	32849	960
1900	1900	14,693
1901	1901	3,368
1903	1903	1,422
1371	1371	6,358
1371	1371	6,357
157325	157325	267
5264	5264	1,796
361792	361792	1,621
5166	5166	3,392
32732	32732	468
420233	420233	603
1407153	1407153	7
1115311	1115311	263
995588	995588	309
6169	6169	3,196
25481	25481	536
42873	42873	316
536380	536380	1
42874	42874	624
5418	5418	1,061
9616	9616	79
164917	164917	27
374936	374936	38
26035	26035	351
13735	13735	1,427
1603709	1603709	20
374970	374970	1
12076	12076	772
923340	923340	46
2300996	2300996	151
1003134	1003134	334
69372	69372	73
37626	37626	377
9402	9402	2,919
24015	24015	700
55893	55893	271
1841	1841	18,680
1839	1839	1,871
30996	30996	161
7075	7075	8,557
92876	92876	493
3577	3577	333
13277	13277	303
2570	2570	75
410499	410499	3,051
4871	4871	1,545
2697	2697	2,347
2423	2423	6,656
1680566	1680566	46
1486	1486	28,600
233613	233613	29
311957	311957	0
1166482	1166482	0
9804	9804	1,761
1139617	1139617	118
10596	10596	1,114
5603	5603	612
600191	600191	0
7064	7064	8,693
164938	164938	2,123
164939	164939	1,335
28083	28083	222
26057	26057	2,556
23068	23068	277
18453	18453	735
164940	164940	990
5394	5394	1,723
21988	21988	101
7947	7947	1,359
1178	1178	38,771
26431	26431	292
487245	487245	186
5146	5146	520
11307	11307	889
164945	164945	1,120
2213	2213	19,700
1651229	1651229	37
4628	4628	856
25596	25596	288
118977	118977	2
468599	468599	39
7397	7397	3,130
104873	104873	1,193
539022	539022	170
20369	20369	3,474
3476	3476	627
6034	6034	3,764
4101	4101	3,649
12077	12077	397
661786	661786	0
2236609	2236609	8
3643	3643	1,658
6481	6481	1,768
3690	3690	6,457
164978	164978	26
146115	146115	8
93264	93264	297
31037	31037	101
165522	165522	1,202
1035	1035	61,849
2052470	2052470	0
104996	104996	547
21591	21591	718
12552	12552	664
21787	21787	367
56124	56124	80
69820	69820	54
14712	14712	663
27004	27004	18
4682	4682	1,385
118096	118096	568
204489	204489	5,608
6827	6827	1,830
6827	6827	1,830
4741	4741	522
164989	164989	834
2763453	2763453	3
18897	18897	141
165001	165001	4,948
42642	42642	314
1496152	1496152	64
977749	977749	34
285983	285983	91
3305	3305	496
3307	3307	335
165006	165006	1,161
31910	31910	1
49510	49510	86
26540	26540	2
1688	1688	303
92651	92651	592
2531615	2531615	0
132283	132283	100
104054	104054	19
145319	145319	74
40881	40881	523
21975	21975	710
13214	13214	691
394293	394293	365
394293	394293	365
9152	9152	1,125
52451	52451	212
165022	165022	3,590
165024	165024	2,033
15283	15283	4,465
8485	8485	264
297410	297410	18
8484	8484	10
430170	430170	244
16609	16609	281
1511	1511	10,232
165027	165027	148
8362	8362	1,397
1167475	1167475	143
22782	22782	186
18938	18938	1
3090915	3090915	0
145391	145391	530
3422	3422	8,033
983286	983286	447
1463995	1463995	0
1844	1844	2,475
132217	132217	165
306019	306019	778
165033	165033	695
4873	4873	1,475
98749	98749	27
2519665	2519665	109
165034	165034	2,725
36348	36348	371
44795	44795	304
497017	497017	24,715
1351	1351	17,963
36352	36352	90
24358	24358	601
218446	218446	1,106
313622	313622	2,405
19637	19637	2,363
1771432	1771432	6,075
215929	215929	333
26041	26041	479
14716	14716	612
4894	4894	788
825143	825143	34
738939	738939	0
542220	542220	168
33890	33890	302
2744490	2744490	1
610159	610159	125
64250	64250	201
271552	271552	131
12361	12361	117
29474	29474	28
64253	64253	669
10673	10673	427
8346	8346	237
14637	14637	186
165073	165073	163
42740	42740	1,062
165078	165078	5,008
9837	9837	76
52427	52427	197
2122222	2122222	22
2122222	2122222	22
1043724	1043724	149
14264	14264	2,470
83728	83728	19
1002773	1002773	2,484
2003	2003	12,140
15531	15531	928
165093	165093	21
5128	5128	1,214
132099	132099	71
1828	1828	12,751
69522	69522	544
75848	75848	813
165128	165128	634
1467	1467	8,040
430300	430300	37
4767	4767	33
28061	28061	446
7423	7423	526
11567	11567	127
2635472	2635472	95
32912	32912	444
3062872	3062872	0
6995	6995	378
4728	4728	1,102
711482	711482	114
49586	49586	204
14381	14381	21
6577	6577	1,219
13283	13283	259
7136	7136	3,134
165246	165246	617
13078	13078	1,122
18212	18212	667
64320	64320	357
2008	2008	3,099
448814	448814	1,224
3608	3608	4,348
7783	7783	1,290
19926	19926	556
1088	1088	857
104396	104396	958
165263	165263	84
3828	3828	1,330
39227	39227	464
17208	17208	2,580
5218	5218	3,455
40853	40853	27
11214	11214	290
25582	25582	74
1068661	1068661	92
42724	42724	64
14537	14537	789
3199	3199	3,394
11566	11566	593
55958	55958	438
92751	92751	51
7720	7720	1,190
165106	165106	1,700
5913	5913	2,797
1367	1367	2
3433	3433	2,709
165109	165109	7,945
21236	21236	651
1556538	1556538	62
118537	118537	51
21074	21074	385
3227	3227	624
255685	255685	171
337717	337717	76
1370	1370	16
1346000	1346000	6
2340	2340	21,231
20365	20365	61
6309	6309	351
76485	76485	180
64776	64776	71
19060	19060	421
4904	4904	2,414
5112	5112	5,443
19203	19203	2
12554	12554	2
1206882	1206882	19
25497	25497	406
70076	70076	430
7118	7118	144
157312	157312	5,824
130685	130685	28
27487	27487	192
30949	30949	18
394497	394497	373
2623983	2623983	0
165142	165142	926
35173	35173	201
3495	3495	405
1396	1396	3,231
1393	1393	10,772
2105	2105	7,845
8293	8293	81
2770	2770	581
7629	7629	719
6242	6242	6
165158	165158	1,705
5404	5404	104
691684	691684	40
165168	165168	402
5349	5349	1,349
19062	19062	103
8274	8274	1,733
56397	56397	353
6032	6032	27
772793	772793	56
205651	205651	153
346543	346543	190
3432	3432	19,353
12178	12178	147
21401	21401	806
35273	35273	8
520115	520115	75
11677	11677	1,539
157237	157237	3,704
28024	28024	974
9805	9805	340
8917	8917	1,541
5241	5241	593
2122939	2122939	2,409
165181	165181	1,139
5025	5025	515
14932	14932	54
7543	7543	158
26359	26359	560
269397	269397	2,431
12738	12738	1,506
4274	4274	116
65045	65045	10
10285	10285	2,241
11033	11033	1
1885	1885	1,781
11403	11403	736
1714	1714	6,995
2029	2029	14,195
609893	609893	234
9029	9029	466
344306	344306	94
10982	10982	452
23298	23298	1,694
27043	27043	1,962
60080	60080	195
1338205	1338205	61
131261	131261	196
1303583	1303583	158
2782803	2782803	17
10456	10456	752
1290391	1290391	94
3379	3379	21,674
3380	3380	572
6592	6592	3,874
6590	6590	2,150
332801	332801	4
4187	4187	231
492328	492328	0
1092	1092	2,129
70101	70101	249
9989	9989	1,219
8544	8544	106
25042	25042	324
47365	47365	399
10051	10051	2,017
1594735	1594735	14
3831	3831	7,464
3833	3833	315
1412	1412	43,837
1412	1412	43,837
4174	4174	1,813
1105658	1105658	14
39449	39449	692
2445	2445	23,554
165222	165222	1,814
11129	11129	124
1406	1406	13,456
1405	1405	1,649
10149	10149	218
47323	47323	191
9487	9487	1,244
1457	1457	1,275
5142	5142	783
165255	165255	1,106
7888	7888	892
165260	165260	1,018
165261	165261	589
3719	3719	3,818
311098	311098	51
60338	60338	360
165257	165257	2,473
642071	642071	281
899406	899406	143
240842	240842	137
165258	165258	977
4906	4906	26
29322	29322	303
8968	8968	909
839403	839403	35
36547	36547	519
30967	30967	4,139
8275	8275	1,373
286337	286337	188
267150	267150	1,085
65009	65009	154
2238251	2238251	70
52891	52891	209
35281	35281	495
5127	5127	4
165308	165308	2,157
33740	33740	1,584
165354	165354	553
1121736	1121736	50
439467	439467	7
42975	42975	196
222198	222198	40
18304	18304	5
7471	7471	2,183
7275	7275	857
18536	18536	556
1372211	1372211	300
25516	25516	4
52973	52973	32
94313	94313	39
36522	36522	172
11727	11727	2,939
79155	79155	83
23938	23938	9
120679	120679	120
20939	20939	791
56447	56447	190
3114	3114	10,566
3675	3675	6,719
1673	1673	1,646
1673	1673	1,646
12559	12559	127
508181	508181	60
2711666	2711666	207
1362222	1362222	9
76327	76327	839
52730	52730	1,794
165294	165294	1,325
40851	40851	45
1334653	1334653	145
3031319	3031319	397
910237	910237	76
19436	19436	1,623
12180	12180	1,545
2239767	2239767	90
11678	11678	825
2454	2454	1,250
33810	33810	410
26455	26455	299
12011	12011	49
1621591	1621591	21
7117	7117	3,952
165303	165303	877
1028487	1028487	85
3884	3884	913
70099	70099	113
165305	165305	149
5837	5837	233
5837	5837	233
16185	16185	252
8720	8720	463
8704	8704	191
12848	12848	281
47363	47363	34
8572	8572	904
329059	329059	1,432
19640	19640	822
1724969	1724969	7
12181	12181	488
45030	45030	123
2749881	2749881	10
310668	310668	1
60328	60328	76
165326	165326	1,773
416541	416541	248
9369	9369	51
4874	4874	449
237883	237883	18
5572	5572	20
1028	1028	50,399
1006350	1006350	339
45015	45015	121
6618	6618	2,359
5169	5169	1,060
165334	165334	138
1102416	1102416	342
3605	3605	229
165342	165342	6
1831424	1831424	96
2410526	2410526	0
1333049	1333049	11
2024750	2024750	122
904375	904375	102
8144	8144	1,661
165348	165348	472
35266	35266	42
165353	165353	1,443
550974	550974	476
165357	165357	86
165358	165358	1,932
94232	94232	259
130207	130207	661
56470	56470	334
24641	24641	43
1629	1629	1,907
5313	5313	3,323
165368	165368	1,136
25991	25991	137
6148	6148	812
165370	165370	5,055
1109548	1109548	26
45104	45104	311
1109548	1109548	26
45104	45104	311
14513	14513	2,679
2547	2547	366
165374	165374	2,524
4451	4451	3,745
49806	49806	220
165416	165416	2,329
563776	563776	437
2298399	2298399	319
15739	15739	1,422
16092	16092	179
165421	165421	308
4678	4678	1,008
896387	896387	141
49793	49793	107
7795	7795	5,093
7555	7555	396
211857	211857	547
1272782	1272782	0
7970	7970	1,660
13787	13787	384
23929	23929	638
12660	12660	160
20123	20123	484
165499	165499	213
29432	29432	721
4167	4167	26,286
10190	10190	665
253213	253213	652
4430	4430	5,822
4857	4857	7,309
206677	206677	257
10091	10091	2,515
6174	6174	2,056
14514	14514	618
13085	13085	17
355205	355205	181
6564	6564	1,311
316614	316614	168
165586	165586	4,029
56335	56335	214
8654	8654	1,203
1935	1935	1,944
5883	5883	124
837412	837412	8
11541	11541	2,408
18714	18714	133
165381	165381	1,915
165376	165376	328
573695	573695	422
3895	3895	11,873
165380	165380	2,136
737790	737790	155
9213	9213	1,958
36550	36550	523
35165	35165	50
8526	8526	3
1347221	1347221	0
22557	22557	435
6707	6707	1,334
6708	6708	368
30086	30086	1,083
47425	47425	142
105900	105900	14
6413	6413	1,200
26479	26479	1,424
165394	165394	1,566
9062	9062	9,980
14430	14430	4,837
24282	24282	453
9299	9299	24
30977	30977	323
4413	4413	2,487
165400	165400	63
416476	416476	137
1074988	1074988	75
19988	19988	206
4590	4590	1,901
4591	4591	6,941
11869	11869	140
56460	56460	219
222949	222949	4,120
11785	11785	765
665858	665858	665
11499	11499	2,448
124167	124167	364
1117611	1117611	700
40987	40987	1
52723	52723	286
3320	3320	30
1482	1482	6,475
4255	4255	9,667
37759	37759	612
22803	22803	726
165415	165415	3,239
24614	24614	747
19767	19767	1,135
1820223	1820223	226
509046	509046	9
2137	2137	7,859
13082	13082	388
13082	13082	388
165426	165426	1,178
12984	12984	31
165428	165428	1,375
13099	13099	901
3657	3657	19,852
119539	119539	149
1267325	1267325	55
131082	131082	180
1105288	1105288	62
49779	49779	1,534
5755	5755	1,779
5756	5756	3,198
165430	165430	2,748
2068253	2068253	177
17540	17540	399
2846414	2846414	40
2846414	2846414	40
6982	6982	3,062
696563	696563	134
276410	276410	405
165435	165435	124
1026323	1026323	259
10255	10255	2,093
165438	165438	757
8648	8648	469
26460	26460	184
8646	8646	1,503
10714	10714	1,575
495885	495885	320
1431	1431	36,302
1433	1433	834
1432	1432	342
165441	165441	1,887
20552	20552	302
165444	165444	1,464
14984	14984	2,643
14813	14813	120
4562	4562	2,147
4566	4566	191
12951	12951	758
165447	165447	2,222
14512	14512	954
1287367	1287367	71
2446488	2446488	5
165454	165454	8,495
866151	866151	93
4120	4120	235
1075187	1075187	0
1183269	1183269	1
1183269	1183269	1
1185	1185	33,502
15537	15537	1,704
6373	6373	128
1912	1912	975
1090	1090	12,844
1083	1083	401
84103	84103	135
2576548	2576548	4,317
255402	255402	46
13116	13116	18
2410585	2410585	22
23082	23082	765
5928	5928	4,274
37857	37857	473
165469	165469	390
29411	29411	717
15539	15539	1,714
24266	24266	468
21393	21393	952
37854	37854	317
917489	917489	1,123
3251	3251	105
3089716	3089716	0
291119	291119	130
408789	408789	422
4601	4601	705
17105	17105	1,616
165477	165477	978
4134	4134	156
2503	2503	6,575
2504	2504	1,114
5819	5819	409
47266	47266	82
165481	165481	1,149
3406	3406	9,245
76404	76404	646
642219	642219	137
16093	16093	496
8795	8795	2,088
6033	6033	802
29419	29419	698
8571	8571	135
5574	5574	1,993
32767	32767	484
246922	246922	513
540808	540808	643
52758	52758	93
35190	35190	11
205701	205701	627
8885	8885	1,603
4760	4760	226
165508	165508	285
10511	10511	1,558
3296	3296	2,017
1065166	1065166	291
7960	7960	889
29416	29416	743
13658	13658	1,294
22809	22809	75
769362	769362	427
20702	20702	378
37849	37849	363
23084	23084	270
4122	4122	2,104
786399	786399	1
47260	47260	806
19211	19211	250
11036	11036	355
2425	2425	7,434
2425	2425	7,434
25041	25041	1,367
5130	5130	3,958
29424	29424	98
42940	42940	905
42940	42940	905
22321	22321	509
93707	93707	119
18007	18007	751
453769	453769	132
39336	39336	54
464745	464745	37
7451	7451	519
19322	19322	160
45146	45146	443
36596	36596	58
908998	908998	51
165545	165545	1,673
4399	4399	7,592
165547	165547	830
14296	14296	1,063
31710	31710	416
60753	60753	3,251
37952	37952	2,756
26381	26381	72
1116	1116	21,783
368872	368872	292
30050	30050	94
165556	165556	2,621
3496	3496	697
3263	3263	1,984
3264	3264	12,522
2246981	2246981	355
8794	8794	823
8794	8794	823
1119302	1119302	6
689651	689651	79
33640	33640	2,052
15586	15586	1,435
9957	9957	1,583
3920	3920	2,165
22349	22349	2
165570	165570	447
248479	248479	296
1850	1850	45
1852	1852	15,087
11316	11316	342
56738	56738	211
2233035	2233035	223
16670	16670	1,298
2819	2819	743
468160	468160	233
7242	7242	17,280
165596	165596	1,586
1105400	1105400	551
4884	4884	2,711
165597	165597	1,026
612048	612048	73
70950	70950	46
3846	3846	14,620
21503	21503	322
18358	18358	0
4588	4588	1,820
1044	1044	42,706
53053	53053	187
1112593	1112593	605
8276	8276	814
5983	5983	803
1311847	1311847	59
2280908	2280908	0
5419	5419	3,584
52945	52945	872
304020	304020	54
10162	10162	534
8199	8199	5,679
165620	165620	350
2838419	2838419	88
2017	2017	16,915
2105951	2105951	8
121032	121032	157
76959	76959	367
12619	12619	194
28044	28044	397
782275	782275	83
157300	157300	1,043
4727	4727	12,020
2880	2880	1,050
17008	17008	654
225333	225333	44
30889	30889	442
60674	60674	224
39542	39542	1,814
10621	10621	1,048
6288	6288	546
3000195	3000195	21
4057	4057	7,557
1638	1638	6,565
56643	56643	70
56643	56643	70
1583653	1583653	27
1800	1800	2,907
29372	29372	359
165697	165697	4,227
165733	165733	1,307
958103	958103	81
22118	22118	155
165749	165749	1,977
24666	24666	684
85222	85222	45
56714	56714	49
129149	129149	16
85231	85231	116
2730	2730	11,703
2729	2729	203
10736	10736	114
165786	165786	1,947
13624	13624	656
5816	5816	2,932
121929	121929	323
107113	107113	24
5234	5234	4,243
5958	5958	493
3428	3428	7,170
6799	6799	249
60795	60795	153
165646	165646	440
35294	35294	29
2758549	2758549	128
47585	47585	246
38044	38044	443
4688	4688	6,963
165648	165648	375
165653	165653	307
165656	165656	2,036
2327	2327	4,910
70888	70888	592
39624	39624	430
2274461	2274461	267
14361	14361	69
70858	70858	190
33628	33628	425
2056	2056	21
21274	21274	65
4207	4207	7,711
339283	339283	111
20209	20209	645
1505	1505	25,703
4968	4968	806
9956	9956	1,713
286400	286400	100
165684	165684	706
3098	3098	2,190
60452	60452	6
165686	165686	2,363
3545	3545	2,651
12760	12760	3,837
166147	166147	1,300
30024	30024	213
5842	5842	334
18891	18891	830
6780	6780	26
4945	4945	1,472
24309	24309	45
56646	56646	1,175
19251	19251	2,501
19498	19498	420
13476	13476	2,196
4224	4224	12,230
7518	7518	3,093
4586	4586	2,381
15841	15841	2,441
77105	77105	1,402
248599	248599	723
15945	15945	964
106901	106901	343
157334	157334	1,070
77191	77191	765
17990	17990	91
10778	10778	2,440
27423	27423	2,930
315817	315817	5,874
165716	165716	689
33648	33648	309
252526	252526	713
165723	165723	89
4350	4350	1,818
6567	6567	468
165725	165725	1,918
20138	20138	378
1248664	1248664	380
165730	165730	1,148
5904	5904	859
5900	5900	437
9134	9134	1,467
33636	33636	785
4400	4400	93
5183	5183	212
299938	299938	197
11685	11685	1,535
165735	165735	680
77396	77396	186
5204	5204	1,178
3656	3656	255
21414	21414	156
11069	11069	116
6913	6913	9,390
7796	7796	1,928
15726	15726	2,116
1416445	1416445	103
36514	36514	212
2716470	2716470	12
76897	76897	70
2716470	2716470	12
1681	1681	7,680
6983	6983	2,294
6983	6983	2,294
165757	165757	67
147342	147342	135
31796	31796	60
1602	1602	7,119
165762	165762	4,751
9493	9493	4,590
25077	25077	704
56413	56413	247
6684	6684	449
2498	2498	7,250
3959	3959	10,140
26363	26363	23
165765	165765	945
1244829	1244829	21
862609	862609	0
906205	906205	60
232888	232888	82
203053	203053	450
3698	3698	597
3699	3699	116
50076	50076	262
151315	151315	75
9809	9809	50
47516	47516	159
8145	8145	1,068
56657	56657	135
1596706	1596706	61
1024936	1024936	118
77107	77107	265
7032	7032	7,110
121618	121618	73
70711	70711	718
409050	409050	1,335
37960	37960	45
106847	106847	931
121658	121658	197
165777	165777	3,636
366760	366760	18
165795	165795	284
87155	87155	360
12826	12826	4,294
13383	13383	349
871727	871727	545
430461	430461	235
6378	6378	1,300
5415	5415	533
25891	25891	564
21496	21496	1,299
2669826	2669826	28
2000382	2000382	83
1799941	1799941	40
7782	7782	955
4455	4455	768
4456	4456	1,537
4453	4453	5,215
4454	4454	863
266790	266790	1,051
10128	10128	904
162892	162892	1,039
162892	162892	1,039
1162545	1162545	363
17702	17702	377
4151	4151	298
4784	4784	122
1614	1614	21,582
1115	1115	13,174
1491	1491	6,135
35298	35298	734
10755	10755	1,916
157357	157357	7,391
11543	11543	451
792142	792142	307
2011619	2011619	6
60601	60601	293
4826	4826	1,649
631837	631837	67
631837	631837	67
2760964	2760964	2
1972	1972	811
4126	4126	1,693
43312	43312	175
8950	8950	2,254
12346	12346	160
4592	4592	1,325
60859	60859	278
1489752	1489752	26
22123	22123	593
1045032	1045032	640
364675	364675	220
647327	647327	171
24645	24645	248
5764	5764	435
5758	5758	1,749
5759	5759	123
5761	5761	122
3916	3916	5,202
2354392	2354392	0
30873	30873	35
2047753	2047753	1
3020	3020	28
15591	15591	138
7851	7851	2,056
751935	751935	226
1618	1618	1,269
786286	786286	26
30127	30127	290
2912	2912	6,143
5090	5090	540
415486	415486	38
16444	16444	783
628752	628752	203
7786	7786	1,212
1482823	1482823	10
2404943	2404943	33
5782	5782	637
3931	3931	2,789
21884	21884	354
6294	6294	1,985
3498	3498	16,506
2802	2802	2,770
45068	45068	1,248
11985	11985	785
2983	2983	96
157315	157315	7,134
242441	242441	70
23336	23336	830
157345	157345	2,872
10307	10307	2,758
50023	50023	2
27114	27114	869
121082	121082	321
31804	31804	179
2330544	2330544	1,057
4251	4251	2,468
47449	47449	774
106472	106472	549
5170	5170	629
5173	5173	380
12016	12016	37
4374	4374	2,776
1642	1642	9,081
920971	920971	74
6557	6557	305
2232	2232	35
70477	70477	492
15749	15749	160
94541	94541	46
2138534	2138534	22
9063	9063	46
11221	11221	18
3237	3237	2,706
165863	165863	776
1146598	1146598	0
1046530	1046530	6
305287	305287	1,024
2368	2368	484
1468	1468	15,109
2329	2329	6,908
165873	165873	4,483
29355	29355	750
4505	4505	2,884
17995	17995	1,333
5494	5494	193
20734	20734	1,128
121174	121174	1
106454	106454	88
2136788	2136788	32
165877	165877	970
6881	6881	4
9385	9385	2,531
14484	14484	936
165888	165888	2,045
32594	32594	238
30015	30015	1,046
2868	2868	5,931
7663	7663	2,070
14485	14485	541
28631	28631	32
70572	70572	25
1944	1944	28,808
1942	1942	4,141
31697	31697	268
5020	5020	137
5382	5382	5,384
77051	77051	389
37973	37973	77
165908	165908	5,340
744442	744442	595
14749	14749	1,467
17250	17250	1,208
16801	16801	122
165918	165918	2,493
106671	106671	111
10926	10926	379
9363	9363	16
65149	65149	509
147665	147665	191
12701	12701	531
15128	15128	59
165921	165921	732
6814	6814	5,361
1744006	1744006	137
165876	165876	3,401
14436	14436	1,097
45156	45156	155
147574	147574	803
2558239	2558239	12
214648	214648	91
9103	9103	4,474
1271	1271	16,060
1272	1272	646
3034	3034	2,193
56945	56945	940
165944	165944	9,685
679664	679664	2,014
678151	678151	131
441104	441104	278
5541	5541	3,327
8749	8749	681
9914	9914	2,402
6050	6050	838
12628	12628	756
165949	165949	1,252
18000	18000	15
564726	564726	61
1215670	1215670	81
1043	1043	13,803
157241	157241	11,395
3435	3435	2,525
19063	19063	64
8658	8658	170
165965	165965	2,199
15426	15426	206
165967	165967	0
1162405	1162405	518
233432	233432	64
13626	13626	55
1116153	1116153	0
45316	45316	198
6469	6469	5,093
28576	28576	668
36730	36730	452
165971	165971	728
492307	492307	1,357
435456	435456	43
165973	165973	605
13010	13010	630
95834	95834	370
165978	165978	2,659
165976	165976	1,173
27341	27341	342
108183	108183	541
13038	13038	1,874
85997	85997	358
10951	10951	1,218
3095	3095	2,098
343066	343066	269
13386	13386	1,443
12101	12101	3,347
330999	330999	3
165998	165998	1,159
166000	166000	2,522
165914	165914	1,419
13913	13913	115
53452	53452	186
1101054	1101054	489
4789	4789	3,105
45498	45498	436
45498	45498	436
16806	16806	548
32478	32478	412
123646	123646	969
11659	11659	420
155976	155976	1,754
4444	4444	617
166018	166018	2,277
419641	419641	1,635
166023	166023	1
385309	385309	78
3402	3402	18,838
166030	166030	561
18600	18600	42
2829	2829	749
2306	2306	157
1442357	1442357	24
240767	240767	2,459
166039	166039	575
291236	291236	338
2674	2674	636
85516	85516	92
60829	60829	36
1825422	1825422	1,046
222072	222072	234
6782	6782	592
21418	21418	161
20723	20723	800
7638	7638	617
7277	7277	2,947
27333	27333	607
1253	1253	2,766
3039	3039	2,237
1256	1256	4,114
32564	32564	50
166056	166056	932
256114	256114	68
21273	21273	453
11434	11434	369
21192	21192	2,328
148890	148890	282
32568	32568	1,026
2295646	2295646	1,327
5095	5095	5,267
19205	19205	127
2411414	2411414	66
6821	6821	5,712
95869	95869	254
4599	4599	15,167
22133	22133	959
29183	29183	1,697
5705	5705	5,744
522878	522878	165
30846	30846	1,968
166075	166075	397
108171	108171	227
43278	43278	2,017
71237	71237	284
166079	166079	1,224
128028	128028	9
86010	86010	388
377825	377825	48
18896	18896	204
27346	27346	355
4064	4064	1,445
5243	5243	175
8085	8085	18
7127	7127	1,157
9218	9218	7,001
71339	71339	229
2423445	2423445	58
542633	542633	120
157317	157317	861
10152	10152	193
53454	53454	317
4692	4692	1,030
15504	15504	1,356
19555	19555	643
5892	5892	4,007
203900	203900	1
7051	7051	458
1106	1106	35,103
4345	4345	7,587
61139	61139	73
10060	10060	419
166125	166125	1,233
10606	10606	195
3062	3062	3,104
3062	3062	3,105
3551	3551	163
166126	166126	33
668844	668844	520
9841	9841	1,036
27432	27432	356
384375	384375	21
1740351	1740351	3
107484	107484	94
884316	884316	4,078
166128	166128	1,581
3019	3019	16,372
122362	122362	109
2271	2271	36,350
441232	441232	5
3035	3035	8,594
2381	2381	48,485
20965	20965	371
1767	1767	14,341
1769	1769	358
166138	166138	1,802
27172	27172	1,503
16760	16760	326
22582	22582	421
166152	166152	2,012
319091	319091	665
166153	166153	2,788
166154	166154	1,675
340643	340643	176
13719	13719	660
15798	15798	1,790
16682	16682	539
16684	16684	2,493
21900	21900	385
19232	19232	811
18115	18115	26
27334	27334	813
22740	22740	883
5639	5639	536
5647	5647	3,906
10194	10194	2,921
1790670	1790670	238
13176	13176	1,311
108106	108106	297
4902	4902	79
1646549	1646549	50
415728	415728	469
6919	6919	579
5002	5002	469
14675	14675	379
11790	11790	1,644
4372	4372	1,297
3282	3282	10,375
1072089	1072089	107
166184	166184	424
8093	8093	13,223
47867	47867	262
166189	166189	1,063
41453	41453	29
41448	41448	613
1062	1062	6,102
286274	286274	1,204
416182	416182	318
21520	21520	835
1872	1872	4,020
78114	78114	333
11576	11576	1,003
2692	2692	14,841
2693	2693	3,471
166195	166195	2,088
7866	7866	481
30751	30751	158
7612	7612	2,140
1356028	1356028	1,857
166202	166202	409
7291	7291	4,798
29276	29276	76
386610	386610	55
18685	18685	173
2536405	2536405	1
43158	43158	863
32650	32650	278
1166007	1166007	64
988764	988764	166
24985	24985	546
35391	35391	126
53269	53269	126
641580	641580	20
311841	311841	984
22577	22577	1,585
165964	165964	1,029
10062	10062	11
7205	7205	485
53414	53414	344
18176	18176	2,758
1227813	1227813	309
1617408	1617408	25
3845	3845	2,463
15717	15717	53
4602	4602	2,117
85859	85859	70
1231	1231	11,372
29984	29984	203
6966	6966	326
166221	166221	302
47687	47687	650
9435	9435	438
41385	41385	110
8547	8547	623
17818	17818	4
11247	11247	654
43295	43295	132
3998	3998	3,360
38194	38194	32
2457	2457	3,632
19180	19180	1,196
1722931	1722931	177
1791830	1791830	180
21903	21903	154
166224	166224	2,887
5343	5343	9,261
5342	5342	2,547
1392	1392	22,356
57106	57106	370
157329	157329	4,183
77882	77882	127
166241	166241	117
13042	13042	39
71228	71228	258
214455	214455	692
6930	6930	2,916
50506	50506	235
71322	71322	4
2775	2775	16,411
3388	3388	4,408
61509	61509	141
5902	5902	1,306
2059	2059	6,065
14833	14833	661
1058691	1058691	148
444501	444501	13
241431	241431	81
65808	65808	671
13457	13457	3,380
220114	220114	278
502577	502577	73
3420	3420	1,725
9159	9159	199
38156	38156	964
23560	23560	430
5122	5122	5,289
5121	5121	7,592
2318	2318	549
762979	762979	284
1818	1818	1,234
1269536	1269536	4
17460	17460	468
57384	57384	254
18808	18808	403
3745	3745	3,989
166521	166521	2,760
3531	3531	459
7150	7150	1,046
20488	20488	577
22592	22592	419
5280	5280	216
166548	166548	3
166550	166550	566
4148	4148	1,010
206993	206993	1,264
15672	15672	126
3407	3407	7,603
27981	27981	265
10205	10205	223
5482	5482	4,640
8294	8294	2,741
14832	14832	581
39596	39596	367
1100792	1100792	237
11341	11341	926
1512	1512	70,029
11248	11248	266
13778	13778	219
1539594	1539594	0
1353	1353	18,288
166262	166262	78
10686	10686	49
8619	8619	947
8619	8619	947
12764	12764	798
166276	166276	1,474
19087	19087	2,452
2699	2699	2,130
2456959	2456959	143
1141	1141	2,793
5124	5124	2,793
65583	65583	3
4076	4076	586
14835	14835	260
3241	3241	2,013
4222	4222	2,353
200342	200342	1
13721	13721	590
163333	163333	37
10007	10007	284
1379764	1379764	155
1379764	1379764	155
1001	1001	1,660
8366	8366	832
8364	8364	1,151
5211	5211	1,998
1462404	1462404	7
451655	451655	312
489920	489920	625
269797	269797	60
2856	2856	1,239
591527	591527	76
21111	21111	28
6021	6021	926
27440	27440	690
25452	25452	279
5315	5315	5,256
11749	11749	1,002
166331	166331	1,923
5848	5848	7,075
13358	13358	73
1466	1466	3,982
2931	2931	1,806
7255	7255	2,002
11092	11092	1,943
71085	71085	38
2711814	2711814	65
10448	10448	2,701
10372	10372	177
6492	6492	3,421
36785	36785	40
606011	606011	17
5239	5239	4,295
166336	166336	738
2950	2950	2,047
7133	7133	11
7952	7952	6,924
1397	1397	12,148
20139	20139	896
2232249	2232249	97
2530630	2530630	26
3335	3335	2,003
3339	3339	834
166346	166346	2,169
53348	53348	775
494851	494851	43
478038	478038	57
7834	7834	1,391
8797	8797	160
1784	1784	3,494
33588	33588	2,060
573243	573243	280
7378	7378	997
15958	15958	4,444
7955	7955	1,060
4711	4711	6,567
166360	166360	2,991
1694	1694	22,381
13671	13671	606
38113	38113	1,134
18062	18062	1,646
85738	85738	60
21702	21702	486
1267954	1267954	103
2562	2562	14,116
167254	167254	783
166368	166368	308
1756486	1756486	20
4059	4059	4,580
47738	47738	1,145
241199	241199	73
3915	3915	6,767
38101	38101	452
22364	22364	632
17351	17351	600
5392	5392	3,100
2467	2467	14,130
166377	166377	3,297
1534	1534	53,446
1551117	1551117	427
39111	39111	584
11007	11007	1,848
1629219	1629219	571
2253	2253	1,795
979094	979094	7
3123	3123	1,663
8017	8017	2,339
19248	19248	480
9800	9800	1,468
209610	209610	1,293
11249	11249	756
17950	17950	924
109086	109086	412
4236	4236	3,537
4667	4667	979
109161	109161	77
267627	267627	536
28508	28508	305
78488	78488	188
24507	24507	458
3720	3720	2,738
214203	214203	5,470
10129	10129	210
35490	35490	278
6015	6015	399
6016	6016	2,143
109321	109321	122
5573	5573	2,571
20232	20232	436
7641	7641	3,135
8419	8419	1,516
48050	48050	407
166419	166419	4,709
800605	800605	235
9464	9464	1,638
166421	166421	1,434
2282	2282	1,517
1292	1292	18,916
166423	166423	2,112
402283	402283	26
12624	12624	876
407810	407810	61
45666	45666	83
3081	3081	11,512
166429	166429	516
1775866	1775866	528
8420	8420	1,490
166435	166435	141
96968	96968	466
1172	1172	810
1400	1400	19,450
1217708	1217708	102
166437	166437	697
66323	66323	308
166454	166454	714
5097	5097	1,163
17708	17708	17
65967	65967	265
166448	166448	3,468
30755	30755	959
6017	6017	882
1746	1746	3,157
2031	2031	20,510
1000	1000	1,730
3449	3449	10
493688	493688	327
1086753	1086753	65
166471	166471	2,423
166474	166474	270
14611	14611	1,135
5826	5826	1,690
1061469	1061469	105
1251414	1251414	89
1675576	1675576	84
71716	71716	143
17826	17826	353
2189626	2189626	394
36749	36749	601
22064	22064	81
15677	15677	2,834
149917	149917	861
45614	45614	782
29119	29119	263
2037084	2037084	16
2037084	2037084	16
86659	86659	30
3965	3965	6,411
53729	53729	322
2109	2109	8,536
4990	4990	6,260
15434	15434	2,412
43512	43512	413
11823	11823	6,047
12196	12196	358
23276	23276	80
17465	17465	185
2320	2320	829
15725	15725	158
5125	5125	6,084
7410	7410	1,214
4310	4310	2,227
8210	8210	3,145
15678	15678	504
2929	2929	202
3088	3088	20,982
2112	2112	653
1140750	1140750	475
24171	24171	234
124802	124802	153
38280	38280	689
4312	4312	676
1136382	1136382	6
9438	9438	1,972
166502	166502	1,582
166418	166418	2,047
1560936	1560936	69
13178	13178	37
27258	27258	65
200273	200273	83
5160	5160	1,918
696485	696485	40
14947	14947	1,187
15027	15027	968
167780	167780	73
15174	15174	1,597
50454	50454	1,796
11009	11009	47
367241	367241	71
43364	43364	290
86233	86233	116
2909139	2909139	91
36687	36687	17
96254	96254	846
1237738	1237738	595
247483	247483	311
277498	277498	0
167785	167785	823
1765601	1765601	261
13048	13048	653
35427	35427	1,105
21523	21523	668
564181	564181	89
22141	22141	617
24586	24586	1,225
332077	332077	77
26349	26349	176
1505953	1505953	266
166537	166537	3,347
5772	5772	5,176
24237	24237	1,358
71710	71710	174
35512	35512	32
2058	2058	2,534
2051	2051	573
2645022	2645022	2,404
9505	9505	1,715
124342	124342	180
124342	124342	180
166551	166551	7,034
7483	7483	4,209
2532	2532	30,542
4729	4729	5,370
326137	326137	145
1214	1214	14,535
2517	2517	15,864
26195	26195	1,888
18563	18563	959
2130578	2130578	133
2640672	2640672	62
126933	126933	160
2291796	2291796	7
66126	66126	399
11595	11595	4,719
1189394	1189394	796
36817	36817	251
4721	4721	3,146
166572	166572	5,141
6565	6565	2,176
1270133	1270133	33
166708	166708	2,102
1523	1523	54,711
1524	1524	5,293
4284	4284	17,979
3797	3797	12,569
126860	126860	159
166714	166714	9,423
166724	166724	454
5502	5502	1,897
61417	61417	560
4501	4501	13,610
2669459	2669459	3,543
23030	23030	886
213163	213163	1,403
2528	2528	617
640874	640874	162
12421	12421	126
718124	718124	26
12109	12109	224
43485	43485	13
17603	17603	2,107
14140	14140	3,001
17226	17226	2,272
1248	1248	5,989
4375	4375	8,220
3738	3738	138
5992	5992	9,966
2380	2380	25,995
15439	15439	421
612636	612636	291
30695	30695	717
2560075	2560075	31
2514238	2514238	11
71890	71890	483
27837	27837	1,571
166605	166605	238
6783	6783	4,442
2039	2039	62,254
7294	7294	1,589
29827	29827	1,028
2426	2426	4,466
30703	30703	509
166609	166609	811
1720	1720	53,531
166610	166610	360
17467	17467	139
10294	10294	232
443843	443843	109
166611	166611	1,118
20738	20738	937
124997	124997	111
3007	3007	1,982
78718	78718	38
9124	9124	1,733
5846	5846	2,712
18385	18385	121
9375	9375	3,076
13302	13302	2,127
17787	17787	30
19944	19944	1,126
8706	8706	4,253
45630	45630	361
166707	166707	5,804
572596	572596	0
66045	66045	182
8280	8280	3,435
495083	495083	35
550065	550065	101
483845	483845	34
78504	78504	318
156228	156228	425
12670	12670	48
1359639	1359639	1,072
35504	35504	1,083
2225	2225	1,234
4670	4670	1,706
10198	10198	41
57419	57419	62
2988	2988	7,643
54401	54401	289
2705380	2705380	2
221407	221407	148
166853	166853	1,866
688991	688991	87
7917	7917	3,505
5856	5856	2,581
163306	163306	129
2669	2669	733
252536	252536	4,526
311986	311986	605
19268	19268	540
2370348	2370348	9
3066691	3066691	81
166753	166753	1,202
41572	41572	16
166754	166754	36
10721	10721	1,379
8433	8433	2,016
2272203	2272203	1
166759	166759	877
8056	8056	1,720
13922	13922	312
5486	5486	8
15039	15039	81
349542	349542	634
3184	3184	9,960
21534	21534	715
166767	166767	1,245
5628	5628	2,870
10297	10297	563
296198	296198	203
43476	43476	273
39840	39840	761
820971	820971	1
236413	236413	410
166777	166777	632
2043518	2043518	10
57449	57449	170
508963	508963	1,212
7735	7735	619
5005	5005	1,172
1103	1103	43,684
1094	1094	17,069
2696	2696	47,587
6866	6866	1,497
166792	166792	758
8347	8347	137
123770	123770	99
166813	166813	3,783
5770	5770	2,154
1884	1884	5,868
43345	43345	129
5771	5771	5
15194	15194	517
9942	9942	429
2251	2251	10,773
167810	167810	225
61207	61207	270
29906	29906	312
2659752	2659752	113
57217	57217	338
8492	8492	54
19612	19612	1,435
1409042	1409042	131
45444	45444	177
430219	430219	197
200666	200666	7
1689316	1689316	85
5140	5140	719
2190	2190	4,876
7449	7449	717
1116890	1116890	125
1193	1193	800
2865	2865	1,759
6823	6823	19
53591	53591	231
166821	166821	2,461
7790	7790	51
932196	932196	30
4113	4113	87
995654	995654	0
38231	38231	363
3200	3200	2,062
18818	18818	109
2096	2096	805
2094	2094	1,158
166841	166841	762
10737	10737	1,928
2041529	2041529	2
35541	35541	191
2326555	2326555	124
166858	166858	125
4593	4593	3,626
2986071	2986071	4
2144956	2144956	0
24594	24594	142
1390061	1390061	12
11758	11758	3,104
82058	82058	190
11637	11637	770
3040629	3040629	56
8168	8168	9
6067	6067	1,214
2417488	2417488	0
5464	5464	122
57303	57303	428
8236	8236	378
2599361	2599361	764
166979	166979	1,408
66028	66028	19
406639	406639	686
2868774	2868774	11
6456	6456	1,691
17473	17473	2,770
3589	3589	48,428
2727	2727	15
2646	2646	118,893
4192	4192	4,662
1294	1294	1,057
166865	166865	13,649
86421	86421	153
8192	8192	358
2470	2470	4,505
4781	4781	1,247
2632184	2632184	67
483759	483759	863
15009	15009	570
1528519	1528519	86
19742	19742	529
66006	66006	837
35535	35535	362
204770	204770	10,588
312259	312259	335
166878	166878	264
709414	709414	162
166880	166880	1,519
61271	61271	58
1092446	1092446	32
1536567	1536567	2
407233	407233	0
321986	321986	529
22284	22284	408
16901	16901	61
166885	166885	619
10765	10765	1,649
219483	219483	46
166897	166897	7,391
334326	334326	9
5252	5252	651
10522	10522	1,861
124151	124151	334
127183	127183	291
166905	166905	7,579
7428	7428	4,576
27379	27379	340
7354	7354	3,644
2619	2619	16,191
166910	166910	1,837
233789	233789	244
1235	1235	131,341
1409	1409	11,387
1237	1237	14,617
1002745	1002745	2,561
378362	378362	398
305652	305652	34
12586	12586	1,998
20844	20844	666
24503	24503	159
19175	19175	169
166915	166915	1,098
19784	19784	894
19712	19712	581
15442	15442	927
11099	11099	2,292
9943	9943	63
15175	15175	25
108886	108886	30
1025627	1025627	178
1987340	1987340	116
2019	2019	2,231
13013	13013	235
1471	1471	386
166920	166920	1,608
14687	14687	1,322
4494	4494	4,075
108959	108959	249
22286	22286	15
2551	2551	6,850
1300516	1300516	31
1299649	1299649	46
23019	23019	2,528
5129	5129	103
573313	573313	417
18295	18295	1,225
157353	157353	15,724
1620	1620	248
6971	6971	169
61367	61367	811
166939	166939	1,084
166939	166939	1,084
23883	23883	276
23883	23883	276
109697	109697	34
50711	50711	3,178
4391	4391	3
166942	166942	1,456
22302	22302	525
4123	4123	4,369
3994	3994	5,657
3993	3993	442
385678	385678	19
744391	744391	183
18298	18298	329
166946	166946	383
12709	12709	7,431
78887	78887	355
61631	61631	566
215383	215383	639
823942	823942	60
2105825	2105825	364
166956	166956	550
7938	7938	131
14561	14561	1,269
7425	7425	1,944
1185420	1185420	198
13647	13647	782
38342	38342	66
78911	78911	173
260387	260387	1,107
6677	6677	3,855
416337	416337	299
12842	12842	753
12843	12843	261
921795	921795	1
23907	23907	876
4283	4283	1,778
6644	6644	0
45708	45708	1,301
2120	2120	3,918
2122	2122	2,724
323780	323780	364
6165	6165	1,769
35554	35554	1
2919	2919	3,505
8516	8516	668
20081	20081	1,909
35551	35551	73
7396	7396	5,819
1373	1373	27,615
3543	3543	1,742
13308	13308	199
4404	4404	104
57579	57579	3
666857	666857	1
2372885	2372885	925
201844	201844	45
564761	564761	528
165753	165753	3,569
1288	1288	7,534
237925	237925	627
31517	31517	2,446
167011	167011	101
3409	3409	1,763
3408	3408	172
13727	13727	1,704
167020	167020	2,758
167022	167022	31
530962	530962	1,081
167024	167024	1,226
326667	326667	612
25865	25865	1
71169	71169	705
22301	22301	85
53848	53848	2
4469	4469	312
13990	13990	904
7243	7243	75
6440	6440	3,377
6184	6184	1,586
6186	6186	1,735
6185	6185	333
125165	125165	55
2428252	2428252	206
6048	6048	116
30723	30723	1,039
2459	2459	5,477
363210	363210	8
5448	5448	71
3748	3748	2,119
157242	157242	1,420
8710	8710	2,190
16753	16753	1,213
7360	7360	706
164075	164075	2,292
1481	1481	9,431
308781	308781	10
15518	15518	39
7552	7552	2
4967	4967	289
16002	16002	221
321360	321360	5
429833	429833	78
13068	13068	486
10908	10908	41
1189082	1189082	23
39912	39912	260
889841	889841	886
36881	36881	26
2229436	2229436	2,250
2229436	2229436	2,250
9860	9860	610
11934	11934	620
7553	7553	386
3688	3688	21,944
2228740	2228740	1
719005	719005	5
29160	29160	985
39939	39939	503
31832	31832	1,804
23901	23901	207
27851	27851	882
21730	21730	163
43559	43559	1,649
3185	3185	7,869
45732	45732	80
45733	45733	61
4403	4403	3,244
454027	454027	227
2462	2462	900
3245	3245	2,877
1448014	1448014	18
704813	704813	1,285
