6671	6671	1,555
68069	68069	481
3924	3924	391
280729	280729	1,596
1033453	1033453	4
114488	114488	291
582890	582890	113
114591	114591	1
3469	3469	820
1449	1449	4,406
9359	9359	744
63052	63052	99
1663	1663	15,883
29683	29683	600
3027	3027	2,521
19970	19970	493
16734	16734	2,016
9405	9405	3,779
12962	12962	369
36024	36024	679
2753	2753	5,770
2761	2761	3,299
2756	2756	251
2412786	2412786	5,240
13202	13202	20
36027	36027	327
32199	32199	54
142877	142877	24
7006	7006	736
458345	458345	124
152769	152769	5
163622	163622	1,261
11384	11384	273
44251	44251	40
16423	16423	625
301043	301043	31
11485	11485	1,134
13500	13500	420
1089087	1089087	48
2214294	2214294	4
163632	163632	738
1848073	1848073	36
1757570	1757570	15
51716	51716	905
44239	44239	563
163631	163631	2,176
290183	290183	521
24747	24747	618
40457	40457	335
38827	38827	169
1054040	1054040	79
415128	415128	2,338
81566	81566	350
90555	90555	238
2763941	2763941	94
34110	34110	26
238105	238105	1,945
500320	500320	7
986797	986797	13
51829	51829	578
163638	163638	866
163640	163640	7,105
157236	157236	18,201
1215774	1215774	3
15718	15718	358
13502	13502	58
920392	920392	89
163649	163649	126
766459	766459	17
163658	163658	5,328
11963	11963	910
3776	3776	3,061
4325	4325	516
3695	3695	2,629
3696	3696	59
166250	166250	1,071
8221	8221	1,404
2616766	2616766	0
163664	163664	4,079
101569	101569	2
5027	5027	596
9102	9102	114
1528623	1528623	18
1468647	1468647	140
163667	163667	1,882
436823	436823	391
73899	73899	12
528217	528217	319
1060	1060	12,878
163683	163683	227
5311	5311	2,738
22966	22966	596
366498	366498	101
870337	870337	71
29064	29064	203
73863	73863	126
69001	69001	132
12965	12965	1,478
1383659	1383659	257
733572	733572	38
1948429	1948429	192
1202	1202	2,334
26858	26858	58
26857	26857	13
8214	8214	37
273040	273040	0
3829	3829	6
11019	11019	2,669
100618	100618	260
163732	163732	540
2645259	2645259	19
12784	12784	84
32170	32170	495
587142	587142	90
9236	9236	1,647
14782	14782	254
2375961	2375961	4,671
17623	17623	163
4674	4674	4,132
4677	4677	3,292
9110	9110	876
2751	2751	4,139
5650	5650	3,372
2534	2534	4,069
81090	81090	50
7923	7923	618
7924	7924	264
29666	29666	0
4969	4969	10,079
12505	12505	2,813
14038	14038	476
834572	834572	136
283441	283441	527
163749	163749	2,053
15721	15721	783
659480	659480	326
1689	1689	16,764
19102	19102	33
487665	487665	59
403275	403275	518
4841	4841	1,869
996562	996562	1
14578	14578	353
163773	163773	534
163782	163782	853
46365	46365	76
3398	3398	1,335
1034339	1034339	558
163847	163847	1,098
4034	4034	176
4031	4031	2,197
4032	4032	9
163853	163853	3,736
1193826	1193826	70
614583	614583	185
163909	163909	414
5509	5509	2,374
13133	13133	445
17177	17177	107
10667	10667	4,842
163755	163755	1,855
68017	68017	220
163757	163757	1,339
58702	58702	191
81160	81160	234
19103	19103	73
163761	163761	6,243
44219	44219	1,121
10147	10147	1,159
17404	17404	230
163766	163766	122
7570	7570	25
3240	3240	26,422
30401	30401	719
10564	10564	5,739
142481	142481	23
4062	4062	3,014
1669	1669	23,701
1671	1671	15,056
1667	1667	3,588
3866	3866	6,179
1670	1670	8,251
12787	12787	4,067
163779	163779	223
1048815	1048815	780
13205	13205	513
1750182	1750182	9
163778	163778	2,948
8556	8556	1,020
10121	10121	604
549750	549750	6
489490	489490	9
81236	81236	31
1307	1307	28,935
244482	244482	863
3114001	3114001	28
3128	3128	9,569
163796	163796	3,253
163797	163797	423
5437	5437	1,186
3012	3012	13,526
11327	11327	425
163813	163813	670
10914	10914	2,801
13575	13575	51
44195	44195	1,265
163820	163820	2,586
5265	5265	943
163824	163824	541
865968	865968	42
1811868	1811868	366
163825	163825	7,921
413634	413634	431
1047754	1047754	77
8427	8427	1,477
2525231	2525231	168
74088	74088	191
54875	54875	592
2020	2020	8,960
19807	19807	1,159
269727	269727	227
550530	550530	241
20663	20663	650
5566	5566	307
4502	4502	613
157262	157262	596
20785	20785	214
163831	163831	689
12280	12280	917
10727	10727	99
16225	16225	973
23455	23455	32
346923	346923	1,266
591585	591585	80
30404	30404	2,985
48901	48901	138
9112	9112	1,992
163835	163835	442
31265	31265	1,464
4504	4504	2,149
114361	114361	21
163837	163837	893
7463	7463	4,486
586549	586549	159
14465	14465	2,116
3364	3364	10,093
3361	3361	723
3366	3366	393
24431	24431	140
3215	3215	708
163842	163842	839
706475	706475	83
51921	51921	238
8455	8455	2,799
62923	62923	412
1126	1126	109
26932	26932	485
528811	528811	171
2279	2279	5,293
59121	59121	356
55381	55381	583
163886	163886	4,741
44465	44465	45
32922	32922	1,131
5927	5927	2,864
6539	6539	52
9754	9754	81
336380	336380	778
3681	3681	9,984
2544000	2544000	188
1622	1622	8
10242	10242	81
63497	63497	16
12727	12727	4,667
163864	163864	634
5597	5597	854
2265230	2265230	0
1483	1483	33,929
1484	1484	1,977
11022	11022	1,285
68607	68607	39
163869	163869	2,564
49128	49128	247
487239	487239	1,711
134137	134137	671
390638	390638	131
28893	28893	5,339
4124	4124	992
163872	163872	935
18112	18112	165
6460	6460	594
20679	20679	1
2394652	2394652	149
49105	49105	655
1558296	1558296	0
163880	163880	2,755
163881	163881	826
1155761	1155761	260
55434	55434	53
163883	163883	4,451
2074	2074	3,749
5930	5930	1,533
21030	21030	128
38950	38950	417
2953389	2953389	15
204219	204219	269
82304	82304	112
3676	3676	3,197
561784	561784	801
3140	3140	5,542
436931	436931	904
1100944	1100944	2,738
1959	1959	5,835
5978	5978	11,868
163906	163906	5,684
52138	52138	39
102727	102727	41
4506	4506	480
13256	13256	1,612
13692	13692	843
2357867	2357867	62
55167	55167	492
34086	34086	676
10182	10182	347
1402221	1402221	3
101674	101674	313
34089	34089	56
157320	157320	618
18923	18923	13
163928	163928	1,609
5355	5355	7,232
7474	7474	488
1306853	1306853	3
34870	34870	5
22869	22869	1,245
68556	68556	142
240179	240179	719
1015	1015	29,180
570550	570550	9,048
1023	1023	11,186
1016	1016	17,915
1021	1021	9,758
8127	8127	2,600
157327	157327	9,887
12775	12775	1,940
709075	709075	24
279556	279556	1,374
210064	210064	1,799
143644	143644	62
37447	37447	127
40602	40602	261
241309	241309	2,314
733623	733623	131
78686	78686	11
34862	34862	116
9650	9650	2,797
11262	11262	995
484052	484052	11
55271	55271	465
1418098	1418098	0
4269	4269	227
883663	883663	26
15620	15620	123
4811	4811	1,021
19726	19726	657
18337	18337	2,035
6548	6548	768
6223	6223	7,162
51995	51995	45
15777	15777	1,626
4191	4191	5,247
2848734	2848734	28
7560	7560	424
831776	831776	491
1677	1677	10,667
1678	1678	4,831
807593	807593	1,917
1679	1679	806
806637	806637	9
165295	165295	8,001
806642	806642	208
318804	318804	749
18924	18924	334
51976	51976	23
16545	16545	771
2902026	2902026	70
27598	27598	251
9240	9240	2,705
2078	2078	3,377
11418	11418	35
488764	488764	44
2578	2578	1,236
8934	8934	3,856
68688	68688	282
2683	2683	471
163963	163963	583
59251	59251	54
55445	55445	40
766729	766729	45
1881687	1881687	2
153258	153258	236
2276	2276	16,492
18466	18466	991
304051	304051	2,616
12510	12510	1,031
1570752	1570752	12
1904	1904	8,972
1911	1911	3,064
1905	1905	11,062
269358	269358	76
6612	6612	2,243
2822	2822	8,860
1472	1472	39,751
18627	18627	791
23787	23787	88
82365	82365	476
11716	11716	6,033
601919	601919	1,092
7254	7254	623
202443	202443	266
17363	17363	1,091
163974	163974	5,446
10634	10634	2,649
786773	786773	73
369633	369633	4,174
3802	3802	4,663
3800	3800	414
1112485	1112485	291
5094	5094	2,715
3411	3411	8,148
76752	76752	249
2886	2886	403
267101	267101	598
1100058	1100058	15
1517504	1517504	21
81695	81695	79
38923	38923	221
63236	63236	0
7628	7628	4
59020	59020	327
167353	167353	239
163991	163991	742
28984	28984	356
163993	163993	4,570
167354	167354	809
4791	4791	1,223
939521	939521	128
1454439	1454439	57
18372	18372	646
51912	51912	241
1399	1399	17,847
68584	68584	319
8518	8518	47
353667	353667	194
115890	115890	5
8062	8062	1,333
387974	387974	88
102252	102252	310
18263	18263	249
164006	164006	876
2346668	2346668	25
59214	59214	92
1297696	1297696	101
2306664	2306664	0
540175	540175	54
1042850	1042850	312
232040	232040	64
10889	10889	5,588
374889	374889	164
17733	17733	2,336
91282	91282	249
1382	1382	17,992
479642	479642	173
24095	24095	1,269
4816	4816	2,234
18345	18345	259
1633400	1633400	51
1441	1441	29,597
8935	8935	3,212
2448597	2448597	179
2348531	2348531	66
59244	59244	319
11262	11262	995
15098	15098	1,406
3863	3863	9,677
784365	784365	220
42497	42497	335
11178	11178	3,793
688309	688309	235
12601	12601	1,441
2432	2432	7,227
12291	12291	2,461
1153	1153	466
164041	164041	4,851
24671	24671	432
164044	164044	1,645
24099	24099	3,134
15698	15698	289
21182	21182	377
428026	428026	488
15523	15523	320
21943	21943	1,303
74428	74428	76
55172	55172	591
15780	15780	188
13542	13542	557
37486	37486	2,323
63342	63342	19
81749	81749	162
1781739	1781739	51
134868	134868	87
2687804	2687804	15
455828	455828	28
37441	37441	796
361791	361791	3
164063	164063	153
143596	143596	161
36045	36045	1,132
14294	14294	14
648913	648913	3
6022	6022	575
230282	230282	1,153
63504	63504	140
6585	6585	875
164086	164086	2,049
164086	164086	2,049
164087	164087	347
15823	15823	1,643
156932	156932	96
153118	153118	175
8584	8584	5,046
8063	8063	1,013
7791	7791	2,220
5328	5328	3,182
3671	3671	7,929
3670	3670	213
2256794	2256794	1
6419	6419	1,380
9151	9151	887
4749	4749	3,079
3626	3626	17,529
3627	3627	1,560
164144	164144	523
1000415	1000415	250
1250715	1250715	0
91325	91325	153
91326	91326	116
1756	1756	5,787
51877	51877	135
164148	164148	6,782
319919	319919	94
164150	164150	5,460
18930	18930	687
3844	3844	2,592
2019116	2019116	100
164197	164197	2,271
370356	370356	1,269
17894	17894	773
12934	12934	2,712
26108	26108	542
1241	1241	11,485
497721	497721	318
164234	164234	2,103
13901	13901	759
11263	11263	1,012
1926648	1926648	1
2538221	2538221	1
1549735	1549735	1
2217	2217	17,623
4798	4798	7,218
2427	2427	2,449
133825	133825	21
19287	19287	1,128
2230	2230	2,380
164113	164113	1,522
42481	42481	112
17184	17184	41
8225	8225	156
52149	52149	140
164118	164118	113
34783	34783	267
164122	164122	464
164123	164123	4,107
6418	6418	276
81716	81716	200
5918	5918	632
164124	164124	1,178
36106	36106	155
2067	2067	7,349
2450512	2450512	55
2064	2064	1,459
19540	19540	3,613
13095	13095	899
32994	32994	631
2543533	2543533	74
2832647	2832647	51
4435	4435	41
4434	4434	2,091
547353	547353	1,223
31199	31199	238
4934	4934	2,278
58999	58999	75
31198	31198	166
55154	55154	756
994715	994715	79
26084	26084	608
164134	164134	1,328
38914	38914	727
3048433	3048433	24
17138	17138	604
101688	101688	183
164136	164136	1,653
5178	5178	580
42368	42368	298
3486	3486	223
51872	51872	372
2276740	2276740	33
36093	36093	79
775596	775596	250
58991	58991	266
12931	12931	1,664
408065	408065	2,173
4698	4698	4,202
6514	6514	5,510
14967	14967	523
10969	10969	713
55146	55146	153
1943848	1943848	530
252427	252427	328
164157	164157	2,391
4520	4520	1,523
4517	4517	1,183
134784	134784	369
1030946	1030946	280
11054	11054	2,715
1300050	1300050	211
3975	3975	524
571936	571936	0
725100	725100	0
24422	24422	308
9752	9752	440
25634	25634	10
68467	68467	1,182
164171	164171	94
40639	40639	1,673
58978	58978	263
258644	258644	3,244
164172	164172	1,094
164175	164175	4,074
1061622	1061622	508
1356243	1356243	33
164178	164178	2,019
4326	4326	5,969
4324	4324	986
5458	5458	3,784
101842	101842	0
1025	1025	86,622
17142	17142	378
12932	12932	822
143378	143378	154
38900	38900	1,049
32115	32115	375
30452	30452	278
22160	22160	313
164193	164193	2,731
14766	14766	146
2233	2233	3,588
58965	58965	78
2449	2449	14,920
164195	164195	1,959
13268	13268	247
3065	3065	3,240
2734774	2734774	133
15103	15103	783
5078	5078	763
2891347	2891347	50
30335	30335	327
1294973	1294973	3,165
2269877	2269877	744
163962	163962	795
11390	11390	2,512
27582	27582	194
29599	29599	460
14522	14522	2,576
19457	19457	1,118
63386	63386	372
63389	63389	60
1344	1344	16,771
1345	1345	9,241
1346	1346	2,920
35186	35186	857
164215	164215	243
26586	26586	677
19489	19489	858
985274	985274	185
16228	16228	503
11618	11618	1,631
115659	115659	549
164218	164218	5,528
293995	293995	335
36069	36069	222
725855	725855	1,011
25638	25638	35
10340	10340	1,475
46651	46651	344
3980	3980	3,489
164223	164223	869
7088	7088	1,012
101964	101964	250
55226	55226	78
3014	3014	1,752
16506	16506	646
10001	10001	2,997
68529	68529	735
122771	122771	790
31215	31215	445
14412	14412	476
2343	2343	428
81962	81962	474
5707	5707	163
3569	3569	1,373
51941	51941	680
9852	9852	380
4257	4257	18,777
21026	21026	454
2122794	2122794	1,128
2129741	2129741	963
164245	164245	7,015
17144	17144	391
5751	5751	2,240
164249	164249	5,458
220336	220336	5,691
887707	887707	15
46647	46647	195
368844	368844	373
7055	7055	107
40619	40619	257
115808	115808	6
32129	32129	1,377
514175	514175	106
331965	331965	729
68493	68493	1,342
1009	1009	112,406
164262	164262	883
164263	164263	539
5831	5831	2,767
28209	28209	396
22612	22612	422
32122	32122	96
3386	3386	808
9753	9753	737
7963	7963	2,528
248281	248281	827
2964	2964	667
5870	5870	1,149
164301	164301	318
5147	5147	2,802
164305	164305	239
74708	74708	238
11776	11776	2,345
215713	215713	3,340
15031	15031	623
5407	5407	50
206070	206070	814
46891	46891	117
6370	6370	1,225
406315	406315	255
37561	37561	314
153665	153665	127
27638	27638	133
3069	3069	1,854
164482	164482	80
230606	230606	655
210006	210006	7
164495	164495	568
2882	2882	4,472
232089	232089	320
10437	10437	33
2884	2884	807
164503	164503	6,571
497371	497371	45
9652	9652	1,796
64106	64106	116
2195313	2195313	0
18225	18225	807
9781	9781	215
1821489	1821489	28
7513	7513	2,011
117791	117791	23
6525	6525	374
8878	8878	673
28160	28160	540
33911	33911	594
7080	7080	66
14312	14312	286
265695	265695	1,376
6761	6761	454
36229	36229	893
1905130	1905130	141
28246	28246	619
2317935	2317935	73
17374	17374	2,057
164341	164341	44
49295	49295	267
5973	5973	1,090
2148	2148	731
164346	164346	834
13944	13944	1,073
10639	10639	342
164352	164352	24
1711	1711	4,569
3858	3858	1,526
4596	4596	207
1283	1283	15,183
42623	42623	303
164368	164368	200
3175	3175	5,418
3176	3176	917
30301	30301	375
2576	2576	3,311
39109	39109	1
16530	16530	933
164372	164372	927
2394608	2394608	0
15829	15829	52
75384	75384	251
39099	39099	142
31175	31175	201
2305	2305	4,135
11056	11056	3,149
56974	56974	509
1994496	1994496	2,286
1232516	1232516	23
102364	102364	74
250281	250281	1
5436	5436	360
15111	15111	327
20563	20563	676
4499	4499	210
6393	6393	1,876
23998	23998	107
13329	13329	1,421
783971	783971	127
11606	11606	866
52296	52296	368
1053	1053	46,888
3446	3446	163
5071	5071	915
52394	52394	20
3549	3549	3,561
17752	17752	299
20543	20543	344
1581113	1581113	20
164405	164405	1,375
252398	252398	511
487735	487735	0
91532	91532	733
3752	3752	1,485
164413	164413	922
731814	731814	26
3242	3242	9,464
164422	164422	1,216
2950836	2950836	96
133210	133210	58
69173	69173	0
164431	164431	846
10828	10828	1,989
6979	6979	2,844
11168	11168	567
4975	4975	157
18386	18386	195
7994	7994	610
12973	12973	219
547228	547228	270
1666	1666	6,718
9561	9561	2,139
164444	164444	961
63951	63951	234
2625958	2625958	28
4044	4044	2,434
82880	82880	728
1768	1768	524
7226	7226	578
4318	4318	1,126
3780	3780	4,067
971724	971724	180
253538	253538	436
7256	7256	1,789
164472	164472	107
92290	92290	234
14589	14589	84
11272	11272	1,433
75562	75562	6
52327	52327	203
3149	3149	36
7550	7550	1,414
7550	7550	1,414
55750	55750	274
25566	25566	123
164512	164512	632
40161	40161	101
69292	69292	237
21568	21568	32
6734	6734	4,534
8129	8129	403
1067	1067	22,384
164527	164527	4,311
6421	6421	87
164528	164528	1,712
9398	9398	207
7581	7581	148
3267	3267	1,427
3218	3218	2,482
153399	153399	193
17902	17902	908
164539	164539	1,475
1068	1068	104,806
4827	4827	281
421622	421622	197
4852	4852	3,249
4754	4754	206
6970	6970	2,838
2422750	2422750	15
164516	164516	2,602
4025	4025	12,106
8202	8202	943
59292	59292	304
1205	1205	580
164521	164521	1,008
427757	427757	45
164522	164522	713
485399	485399	234
21756	21756	214
25664	25664	205
1689002	1689002	176
164525	164525	537
5154	5154	2,691
4306	4306	72
626053	626053	23
15201	15201	1,345
13270	13270	1,171
952604	952604	6
164535	164535	6,103
603952	603952	109
4660	4660	225
11720	11720	703
3789	3789	12,212
3790	3790	829
30295	30295	919
1534698	1534698	42
164549	164549	2,212
5843	5843	1,481
1207	1207	22,607
17625	17625	567
2247	2247	18,350
22639	22639	337
28836	28836	1,400
3178	3178	11,298
3177	3177	185
42610	42610	1,408
167460	167460	795
92132	92132	1,353
572302	572302	55
28144	28144	325
164558	164558	805
2240	2240	4,819
779251	779251	152
25106	25106	241
82935	82935	99
8229	8229	1,491
164570	164570	1,903
1827195	1827195	55
